218
298
757
761
1332
2824
2896
4099
4244
4346
4582
4679
5259
5568
7285
7346
7584
8068
8105
8866
8948
9024
9225
9979
10060
10629
10863
10922
10931
11016
11029
11579
11626
12131
12442
12577
12775
13307
13369
13412
13476
13512
14084
14253
14350
14902
15367
15784
15841
15926
16965
17330
17740
17910
17926
17970
17974
17980
18314
18915
19010
19449
19491
19711
19812
20367
20453
21079
21177
21657
21791
21878
21921
22008
22740
22932
23231
24244
24334
24422
24588
24596
24681
25148
25435
26258
26493
27053
27117
27364
28395
28581
30216
30891
31444
31840
32343
32508
32579
32678
