14966
13710
3598
30336
27047
3427
28889
21934
8781
6779
6594
8840
9231
22751
13096
12104
21617
29744
9948
14574
18603
3372
31803
14044
11191
3970
12909
13368
25315
20890
26771
3768
31237
2990
1777
14601
4607
8157
32419
16468
28097
21369
13944
6077
6743
30242
17297
30128
30895
23095
25817
31014
20239
26639
26701
17016
2415
28016
32455
26724
14527
3328
14933
18742
32620
2976
28426
12203
6455
1669
11503
2277
8021
7452
19472
22105
4476
31796
26557
13830
25582
14351
3739
30825
29866
21573
12667
14008
2649
28358
5442
14873
30640
19333
4663
32309
19555
8491
13745
5927
685
24128
31652
25198
11004
1691
14542
6744
16156
21663
16395
7504
6545
10083
184
28694
16982
12722
16225
32707
6146
15237
10987
16820
10511
8044
8253
8256
22663
6530
18150
23079
25245
17423
14283
9156
17451
7388
26743
32021
28953
15004
25530
21606
8510
11429
1348
24169
22940
7447
2284
25996
1279
3755
4857
22726
29136
28450
20050
14404
25137
12313
22506
5832
26532
1429
8098
7886
5310
30035
24493
2975
20233
12146
16391
23086
10536
10783
5060
31578
852
15024
17798
14568
23295
20521
284
11628
24030
22082
23917
18454
27419
27733
24087
29604
24485
1686
10953
11527
32576
28769
3482
21684
16278
16472
10766
12002
11967
19994
11574
235
4748
24077
17874
6168
3744
23005
23084
7255
27899
8124
8734
4327
22264
25026
16532
2979
14878
13850
3668
30161
2613
31084
25730
12935
24854
9750
9541
8150
17430
13809
15609
12823
21668
5026
6447
31561
11403
32484
24937
30232
26485
24222
2996
30711
21339
12006
23702
11152
16502
21885
16772
26033
7519
5375
5217
15587
1013
30558
6655
30426
13683
12760
76
8203
25898
28102
7556
3316
17740
7458
23015
5573
2709
4582
20077
4169
22556
26367
13313
20375
5125
11415
18339
29557
24055
19683
29666
11148
16638
9691
10138
7005
17265
27827
32189
14161
29471
11611
21424
30264
4191
29933
12338
22811
9433
22585
23645
6368
17060
16738
21163
1524
4613
11264
71
22125
25571
9268
3901
5384
5942
2965
5430
19476
4733
2221
17183
25180
12854
8828
20380
21916
7029
23376
12826
2437
7267
881
14910
6621
19829
32630
22914
17347
2766
2491
6525
8559
19758
19522
13702
7306
20620
29212
20590
8014
25711
489
9760
12654
20050
3535
18829
440
8505
26231
14476
16893
29747
31701
2896
28288
14277
14404
20462
22372
15462
219
26107
30398
24564
15600
22506
27849
15812
18261
23472
18761
31294
23337
12478
20542
13825
6442
17271
31958
32424
3618
2062
1284
9917
29740
12546
19581
27042
17938
8190
11354
27038
10543
4559
1250
17192
12336
28471
11438
30798
875
3245
28762
24699
19945
12403
9751
775
4370
4759
13257
7459
7193
21659
15072
29686
24271
2438
6830
15391
19516
12766
14408
9980
13955
9463
8687
2315
25298
182
2631
31570
3691
13354
24495
12158
10020
25496
18727
23058
7448
25995
15961
29857
7226
31501
20790
3079
31051
25349
10057
20605
32350
1285
21280
2750
24363
15323
22152
6261
23029
15871
2958
22760
11442
11100
30711
6473
21200
10001
7431
3864
15718
17158
23668
4391
24760
2549
32317
9622
30330
8060
10719
18755
5123
30497
22059
26160
12798
20005
13742
20689
8981
28361
3392
8650
30338
31308
18208
11080
15619
22405
6444
20617
8459
2837
22303
28772
2975
5654
10351
19073
32305
31828
9187
20347
27055
11339
7624
2181
3422
16384
5479
21668
12097
7199
797
5463
16880
11194
4288
26999
21571
10267
20432
1253
13267
482
16104
14967
30835
25612
3199
11054
30221
7536
30069
29059
4535
24157
25180
18973
5101
20701
14317
20942
24132
560
26971
8910
19774
31625
1145
30513
32442
14886
25071
23664
25488
21194
10405
2319
1737
5498
7505
23259
32535
6113
23356
25470
17239
9300
23527
17290
24693
22827
21849
29940
784
18577
19406
32661
18511
30590
6343
20429
30894
10608
14712
4908
3016
21679
1336
24934
18940
27100
6921
8089
10789
4890
26839
22668
4654
21494
23264
21712
31530
17480
4402
15984
32263
14298
26977
10015
10919
24410
21899
14087
22988
8677
24169
962
30006
25890
21201
16579
5605
12925
28035
106
833
27145
20827
1003
28149
3996
31312
16616
3335
28289
31663
29897
4314
13428
29293
4121
4569
28911
31790
1516
27088
5355
31038
11106
3093
2210
28062
19760
21674
4244
15271
8711
19975
32342
907
23591
23944
26913
18450
13853
22062
1687
18465
11688
6070
21549
30284
13574
17290
26476
9138
12798
29756
11617
32445
22723
4689
23358
27959
22397
4112
21131
23056
5495
5087
19455
6131
30467
16876
11730
31382
11987
18737
23843
29001
8223
12790
19188
1118
5593
7392
26145
18160
3660
22950
23611
24852
16588
16561
32590
13667
10684
16810
23272
21290
16180
13042
2232
5197
2791
5732
13654
26926
27033
23849
25585
7621
11781
4403
29884
2282
24038
24351
7352
15833
15370
25501
30687
6131
10171
2166
22583
21462
9955
11078
15082
13020
24769
18716
29756
24015
6046
14180
19128
11302
14257
1818
27533
7524
14145
18863
11133
20099
18867
17450
28536
2456
4145
19511
1959
2853
29878
10707
11228
17167
13300
6990
30730
9398
20103
18751
5394
345
14102
12613
32410
29693
2688
933
26576
26382
1419
16740
12644
24039
5165
15258
11176
19007
4296
492
21954
32302
19784
818
30310
19492
8612
13083
23775
22221
21055
19793
13951
4896
16055
2182
17954
11529
1769
32384
22617
32110
29543
12898
6703
19135
1412
19383
31836
13471
4391
18321
13992
8120
16585
6744
20274
4290
20875
12523
21675
23037
9571
16798
18808
3428
30112
1813
18987
9940
32410
22544
15276
17370
30757
30093
18219
4659
1045
11347
19436
11312
19978
13796
14206
25295
9080
22830
551
10279
22859
5679
15514
22129
26485
25430
16478
2710
14244
5483
26284
28621
9095
15553
32135
23126
5281
5893
31434
7422
12751
12289
14872
14183
5821
10841
492
24292
7071
14991
17636
5370
27714
5524
19952
28537
8954
1015
4034
11037
11250
29481
11247
13659
17571
21446
12746
29814
9396
19714
6002
23203
19452
15958
12147
20896
5432
17335
16995
6913
32171
11950
23503
12600
10660
30307
5729
29982
20119
25787
28108
15362
25619
17454
30482
28712
2167
3996
5521
8378
28042
11713
31605
4423
2443
9245
16753
10334
2636
21087
1453
21288
11710
23481
29770
25674
22414
21109
13018
20585
31095
16883
4215
13668
22885
5250
4004
408
27183
30913
3986
25879
8294
10488
24937
550
11121
13986
3642
21623
31103
11803
4742
31306
26013
19050
19995
4540
5457
11828
32186
2422
21227
26420
12519
23013
32115
12038
2745
15866
8863
9411
17355
32423
18527
9749
23166
24316
4202
30834
19617
13167
2062
31963
26077
24466
7173
22140
6020
10551
7142
26148
26765
10283
31896
32586
29499
28770
30510
5445
7552
23685
19732
1212
9936
26376
1404
13831
21687
32354
10531
22080
10782
24446
26075
16969
8520
20239
9123
24073
24572
19826
11167
1996
14744
20783
14817
32597
31832
15585
5941
19166
31331
8066
26364
27427
32110
24028
13449
13137
12962
26808
14296
5996
2217
16587
3899
14674
5240
30620
21739
26848
28470
7446
26781
17730
4162
13803
3012
14854
6781
13357
13046
22628
15343
2979
5960
6425
30699
11865
3247
21067
26499
28646
7405
11537
211
17838
23331
5777
11403
2199
14464
14711
30064
17182
8953
15409
3220
32555
11621
25918
404
29666
8965
15188
10369
29606
22962
2930
8660
14721
7316
32420
27333
26981
8312
24457
22533
32092
28152
24177
29655
18348
9871
21331
12278
32083
30652
11214
8609
28908
14440
4668
29523
89
12356
688
11575
8234
22183
10130
12597
21810
7612
32000
26742
26117
32380
9641
11264
3612
31097
5855
10612
18647
18113
25342
28000
29179
27325
17732
5539
16183
4592
19350
12114
27940
31633
13691
21987
1237
1048
26584
16188
10730
1135
14954
10119
26818
18649
26032
16599
4917
21339
13816
27982
29212
24214
28623
15986
24291
9795
9157
11544
15281
1076
7342
4716
5041
32182
637
10509
20682
14063
20927
3239
30160
22979
25598
23325
2436
4420
14133
6997
11502
24829
22052
10351
13618
5804
8064
25954
21686
18474
23168
25564
14156
6112
13462
5930
929
668
2973
9870
26847
25386
2973
12991
29402
88
25564
7841
2244
20636
30195
20812
4929
20220
8439
4762
31528
11537
25176
12309
21773
9417
12190
489
2029
10193
21136
18294
27493
23191
4805
3358
23951
4354
20355
22292
15368
23644
29104
5143
16299
20599
25903
3745
3261
27886
20896
13054
27265
3566
9597
27004
27253
28942
7993
475
32695
28068
31771
29625
8850
24169
5196
11191
10576
1421
14009
24553
228
18164
27142
30663
22305
5278
19875
18856
21844
8072
27562
6010
9465
13040
25260
12308
7740
17682
21260
22272
1268
28324
11916
2654
24238
10239
29916
20925
10066
11370
6570
15916
5724
15624
12575
18013
21787
13953
32394
20620
27763
10103
10449
31220
11379
31440
17597
11382
13235
20482
27630
1233
502
2451
13233
18744
9904
19200
5945
23273
7417
22015
12312
18849
10407
4004
7670
14863
21748
8479
20541
9877
14268
16199
31909
3389
22009
29660
8998
29264
5893
4437
7253
25418
12417
10322
22001
26957
26987
7275
4443
5343
28971
24622
4590
29260
394
15842
3380
9032
5959
26541
25663
2776
16781
20866
29332
726
25981
20398
26273
7746
11276
5337
26282
21111
24307
20853
4681
15730
24416
20797
17696
288
4294
27517
1145
45
16037
31694
15756
1507
6058
16249
22854
10540
14555
1013
27382
31983
33
18908
17511
31910
18210
12189
3025
4076
1458
1644
29190
16129
32580
7081
9292
8617
4619
25572
26981
1293
18255
25231
23766
650
27030
9629
1069
31412
3487
30239
18120
13563
3393
582
32371
2689
14520
26693
17390
25754
1699
2049
6698
2922
8798
10007
29609
10811
12780
10977
14309
21290
6241
25644
11123
20689
7329
20664
8180
3226
12192
20949
17737
25247
4211
10709
1959
2239
339
13357
10952
2593
7130
19285
24107
1678
31415
15344
22342
22266
21781
13034
29059
5719
21383
4305
25911
11262
29801
16409
30176
330
22614
9886
28150
22203
15756
23165
31716
22063
31907
27686
4333
1905
13635
28041
3433
8750
13669
18187
29225
13564
15727
30575
18319
15866
9342
32761
12
24508
25382
10265
19213
28224
1767
31042
32131
22007
10033
18224
21697
7425
30342
1831
13243
6006
2679
22590
824
12098
20091
9745
22632
13062
586
32447
23258
16670
28323
22961
9968
31014
26597
13005
30136
14418
25887
2548
8476
482
27277
9670
5036
8210
22958
31167
18420
261
16496
19232
18249
21945
8737
26763
12195
19981
2401
1103
12764
6544
27919
19184
4517
7285
27330
5380
23476
12964
822
6356
20833
2982
28493
154
21907
22169
857
60
16702
8577
23033
17307
12924
16084
2597
10034
26705
20211
3100
15919
21902
12598
31089
4520
705
10461
25654
23349
10531
32452
12284
6661
29502
9463
2107
11048
31519
28763
13240
11356
4455
14888
23559
29166
5783
20697
10636
23646
20172
26383
15679
13320
10112
1864
20130
8299
5336
16216
1611
24383
17564
3091
25228
11076
18097
16866
5964
14467
25755
10061
3774
7443
9635
6875
29739
29078
2351
6813
28385
9467
8499
15647
2470
18448
18533
12833
21148
9298
20424
11050
7771
9918
16819
3025
29277
24870
13236
16429
4238
5425
2313
733
8648
5167
25710
13254
24412
14347
9094
28235
13597
22102
27795
23551
6553
16515
32409
5352
18595
528
13426
26250
6194
13508
32042
11571
19185
16923
16199
32673
26967
28321
25075
28031
31245
9133
26035
5441
9540
14684
4488
9378
25507
1059
21929
26819
2892
22804
26463
13544
3345
32259
10595
32380
15386
1746
5919
20619
7547
14665
15157
15734
12172
27681
3409
26196
27093
21412
4634
15855
22250
27016
4262
11966
30756
24684
9585
21965
21035
24657
17201
4169
22084
12469
27055
10801
8729
26430
28064
24718
25914
31512
3637
1830
1266
18984
25545
31992
19614
21674
11380
7927
15490
20717
5566
4231
21047
25682
29007
17153
19695
12943
10
15183
26862
1105
1538
3632
6157
9150
17048
11667
15981
14505
8386
23905
14175
4273
2062
2593
17694
24955
28656
10118
5701
20189
16273
26085
18447
10907
23622
14887
31003
6265
30440
7352
7331
19555
6389
10115
11629
5127
12975
9412
30842
14097
3070
8169
13213
19225
5163
24824
3846
31671
1759
18450
14169
28159
23358
2593
8477
5305
21746
31601
32332
131
21825
23568
31813
17547
8937
3620
7230
20807
15215
8838
14539
30024
27953
30534
16105
28129
32323
15374
28082
2720
25676
24506
31796
3131
10374
19590
9644
1457
17520
16276
25219
23268
27465
14482
14224
10554
17241
19737
24825
19683
2708
15085
16447
15504
22410
31231
12115
6823
3988
27342
17120
8246
153
6204
11623
26249
30703
3481
31223
2195
9300
23491
12302
15730
13202
4748
22850
17425
28953
27831
299
21025
8325
17051
27935
18517
7376
27209
2865
5921
14332
14015
32319
9805
13985
14424
17389
20909
29767
13473
30391
16966
15486
16104
3687
12548
7770
27205
3380
7256
642
23983
23386
19860
25619
24862
13082
17562
5741
3395
26365
4569
28283
27332
18639
19415
13646
23467
4151
18177
15419
26001
13318
20013
3126
26180
11086
12249
11212
5729
24085
1117
13047
21518
621
1124
25846
3766
4413
24173
28678
23214
1262
29644
1986
1254
23791
2046
743
17723
21066
14048
23416
19254
29104
5146
2486
22803
9643
16629
23823
13617
25693
18020
1586
23293
17232
26072
8079
17196
19671
2237
2954
14993
25286
29947
16756
26388
10610
16237
21165
4815
8996
24291
13804
15668
31939
2791
8201
32573
17870
5475
24364
4548
7379
4846
2604
2290
26579
6351
3554
3907
8693
31202
9032
2042
3159
30615
1264
20435
29853
15624
2591
8437
30385
11193
7503
22031
6952
12761
19419
20301
2536
80
23994
10381
30428
9101
10259
10370
3617
20942
160
25010
2807
31832
17030
8690
21800
32472
28075
13783
29045
23059
29138
15407
1691
25802
15626
7063
12643
13059
24964
16075
20041
24545
1652
30831
3727
31066
17416
17499
21996
10042
5296
19652
6582
14113
2221
26647
25424
24244
12340
26167
22961
8354
5871
25801
3657
7060
17362
24190
32181
14627
32516
14872
19919
29123
22553
8735
17952
624
18458
21913
31087
10410
26510
27414
19001
14547
21200
11083
30200
16567
19900
6653
2398
17077
17306
21979
19208
17102
9976
13986
3857
658
29558
5493
4471
21697
8660
4878
17691
11334
30303
4957
5314
2618
16453
7364
15610
5278
21817
14681
11616
22495
13824
30259
15193
2711
23722
30655
23935
1342
29079
13931
26107
7358
20828
11926
18991
12289
22914
6383
14724
22337
17368
28295
14447
9741
29980
8641
23066
890
662
32215
23698
12112
835
24135
16099
30755
28457
7719
21816
9243
16067
11222
3990
6306
2981
21062
14229
16159
12179
980
7258
9761
26177
23952
30544
21454
11883
6436
16717
21534
16197
6518
13614
14192
16284
14997
17205
8040
1996
13268
29405
14901
12471
31507
26326
17486
2497
31585
31390
16945
20795
14296
27522
27710
1169
8951
17382
21170
20958
8875
16475
24129
21190
5301
16816
19314
26986
20465
9102
24299
20177
7699
11727
13528
3991
20881
25497
31459
29399
8308
15699
23481
4586
24593
6560
9979
30238
29761
6534
19055
31498
2953
174
28200
8532
13549
27869
25140
733
14688
136
1493
2417
31005
4772
7382
26365
17190
20542
23123
16178
8678
23323
2097
4344
26431
10358
7593
86
13147
19542
31679
2065
21689
7081
11780
14503
780
19792
23957
12500
32243
3784
8487
13445
18417
22003
1914
12361
25926
2428
1452
3333
72
17077
14314
4945
22757
29802
1372
1604
9674
12592
7542
1321
6593
4940
7292
27218
28064
28293
9701
11280
7707
9777
3628
10953
15561
22575
9268
9729
16125
2224
12235
27327
21655
9188
31042
7029
19634
28196
17232
4601
11619
6017
22282
30550
765
23785
2739
7907
26173
22555
3132
22546
16803
2573
1257
6570
16995
18159
10106
30306
29540
27073
11223
31865
14066
3286
22989
16501
27000
25957
28593
32301
28600
25892
21453
1589
13144
8786
29476
24581
12980
3002
15802
7160
26854
4429
12832
30897
23428
26
26827
3783
31589
28921
18122
19879
19465
802
23811
11200
1378
15111
6305
7782
6026
5329
25524
1274
3038
29885
24339
5479
19703
8637
8536
30465
1265
13498
25942
10213
22816
5634
5027
26753
17034
14556
9330
28481
25161
30871
9308
26828
23751
16260
10256
1715
28304
24781
30090
4375
11795
7568
30570
31167
6532
31733
22464
7733
23918
15516
21449
2601
20486
23746
32276
1507
15853
23371
26160
30215
708
12976
24635
29255
13321
3502
25551
19712
3541
29108
3701
18120
8728
2952
27362
19605
9455
6115
27375
7056
10863
11534
16854
4199
2246
14612
11132
30676
15710
8140
13641
6328
12096
25485
7109
29156
27
16662
23743
8569
27741
4083
14758
1948
15786
7621
7830
17422
9856
21202
12739
7830
13368
7029
18000
31613
10485
17664
20555
13553
189
18484
29663
23990
5746
18317
18005
15204
17857
16312
9543
1346
22304
13614
4358
26607
17275
1455
26817
9499
17241
16668
16822
16914
31387
9898
32715
14522
1015
4382
31625
14921
24463
27563
25016
13854
18113
28623
7301
2705
31754
20778
21530
6374
26865
25938
3009
27663
9856
15224
27797
26610
29407
26604
31255
7000
31026
3341
4319
27187
27915
8813
30331
12485
9003
1750
2676
29324
8253
21211
18317
7490
13588
23814
27604
27344
23410
27899
31525
32124
13214
30868
31888
7838
27307
19632
26238
12734
29181
30021
25242
2406
24968
32395
7780
4018
12304
6096
5364
25880
19937
13065
24703
21301
1229
20048
1010
15589
11947
9406
29690
16303
9256
7351
28684
19226
22638
28639
26857
27695
11338
21658
3264
12453
21274
32366
15524
23361
15508
24333
30015
9990
14950
9220
9722
7615
6046
16052
22218
16651
4011
23709
765
19931
15245
24907
21732
26052
26079
24530
6970
9549
13376
10315
8154
20903
25995
18248
3168
15217
21688
12631
32472
17647
18612
31180
5071
14492
23391
961
14174
18606
28300
21541
27892
12681
21308
21223
669
14151
29552
29482
28682
28896
19937
17205
1207
20682
18610
17713
15401
28506
19623
16044
23553
32377
22989
21855
30748
18496
3650
18591
2744
30822
10269
23578
32267
21004
24744
26663
5180
6887
1087
26352
17516
23059
28082
26135
15364
2168
17740
17748
21500
27317
13737
13934
11470
25967
4428
18774
31415
21059
24194
27292
25087
1643
31273
15391
26052
29268
18105
30162
2112
29543
9543
9689
32752
17151
13033
10765
30356
17921
10624
27520
29168
32170
22485
10217
22686
18659
24077
31002
15600
26053
17814
17255
17144
599
21427
25240
4151
25142
5518
25875
26302
3332
8056
18932
32207
24363
17561
15557
19763
28962
13477
23859
6747
4021
28809
2209
20863
2433
10120
29590
20452
21089
31888
29382
26836
687
1979
25065
23063
29965
29434
10081
1900
8297
30837
8596
8451
10835
25406
19487
22345
14612
8836
17741
1841
28543
20210
9485
8939
8509
27356
14866
8970
6965
24699
26429
10207
25499
32514
5013
17310
30399
10551
7508
12152
10157
11433
22920
7544
32305
30772
19915
1253
3422
13453
18309
11037
17679
5158
3338
13098
13519
9975
21508
384
6873
17972
14081
30091
13171
3476
16171
20724
28422
16366
19620
24423
3366
22815
19489
20845
6251
14698
15032
22990
15397
17419
28510
15960
22643
10670
9661
23710
13668
2084
16470
6558
12436
30981
29255
16571
22631
9803
22896
8814
3316
5512
25196
31189
21270
26422
19784
20299
7053
6368
16933
26025
29099
12801
632
20180
28056
22078
18565
13564
14287
20036
11350
2654
28265
32174
30767
9184
28963
28903
32413
12362
27704
29296
29504
15218
4741
11345
18026
1347
18913
6574
15672
21078
17924
1250
27074
30214
19947
16862
1961
5932
28483
18739
2692
4261
28314
31741
20032
9847
5977
11211
20540
27974
26747
3011
29262
5033
3650
23523
26820
24319
2383
29460
255
13207
22327
1382
5631
23663
14707
30465
13939
28766
1674
11224
17053
30014
1681
20706
21919
1063
18805
29716
8005
15113
9981
2378
8396
30568
10848
10776
19764
12351
18186
12276
2671
17177
24440
31861
15452
3487
27219
9860
29309
4008
2793
2838
32459
25378
2016
23520
29442
11987
31217
462
13698
15061
16644
7680
15086
4002
6068
20567
22374
16693
20609
5646
15365
11997
32447
20539
11132
6670
15334
16523
6490
6088
3596
1870
20644
1687
25678
28081
19167
6310
90
21016
21545
28775
16066
20587
29622
30802
29180
1116
24628
17392
30463
6389
22632
19097
16274
21307
4041
3937
20673
26269
903
27158
30789
11511
11310
17941
12304
6239
22719
5675
32567
7065
4982
31064
17133
11092
17175
27964
23539
26106
7598
12536
12612
13004
5854
30018
1824
8148
23775
2724
15073
21897
21390
25834
6223
17412
14395
19080
17759
14870
14701
25384
30774
30354
4265
7284
13396
19156
30267
15575
8137
30226
21455
22678
541
6717
20223
8704
27785
21775
29020
3950
15917
9110
1268
29007
21259
8453
4095
2346
42
30094
4061
10267
9427
24634
12468
11060
14723
30083
8405
22827
16019
21796
27792
2407
6377
13027
3265
9893
24522
8187
25889
14134
3727
7275
24534
32346
26274
24840
12780
9910
16468
27616
4038
17577
29726
651
16521
3806
26102
16280
20932
15906
25901
15631
20811
22533
1662
27068
2632
16415
24029
3743
15160
7425
25094
21666
31577
24345
4303
18530
14591
3874
17346
17893
28005
20324
20838
19996
27238
10259
15624
6164
7751
9419
20682
11155
28462
25523
12100
19269
18515
5860
2281
7679
2594
30031
21297
25551
19355
245
2808
22018
30834
15570
19792
28027
580
6424
11525
26471
16763
6788
30586
5626
29104
11556
23965
9677
26073
16116
12875
8149
10775
28976
24990
31515
26826
30918
11203
24409
30374
25428
16338
17968
13977
18296
23217
22529
21415
19359
23061
23509
10652
7511
32079
1212
11551
27372
18951
20469
14143
10992
15310
4168
16381
20899
30845
7993
6123
8162
26850
6467
20816
2134
30878
27290
17175
28458
1970
3032
19399
16131
3286
156
22023
7896
8985
28628
3981
17117
1503
20819
28028
13832
545
32438
5814
21635
8723
26962
15379
16124
26345
1661
18943
14321
29554
28263
30051
31450
21790
20189
27324
5045
28283
30900
8502
2049
7857
16661
27819
30976
15688
26427
32264
4084
5804
17266
7745
825
15462
28271
26765
11331
5692
29051
897
22918
5256
9712
23395
31763
29096
8503
19651
15316
7711
24884
31373
31505
24929
17804
10248
24862
18858
29441
5330
11902
8373
10462
11630
17905
104
26581
8740
16131
9740
5020
15729
5621
11853
32165
32744
5013
17693
5966
22450
17535
8505
32673
17678
18534
24264
17946
4069
18907
27477
22479
5744
28555
22666
826
6998
27213
9463
2538
1886
28430
16145
12697
24906
2517
19312
18950
9987
22707
6957
22427
24039
10624
21039
21861
10618
22284
7149
5105
21557
15259
25144
30055
30493
27954
12135
26766
30665
2314
15828
18944
2849
30519
2755
22370
15858
8348
8130
14379
19883
22803
11108
3749
8383
4667
527
22371
28224
24374
837
20672
18921
15399
24127
20097
18675
5389
23568
29535
11416
24309
27481
23422
1915
21662
8918
20065
29774
31821
32605
22552
26985
6346
6611
12430
23443
21927
3996
9090
28413
20153
12823
15931
12779
26033
1390
9154
14300
9138
11835
19302
25878
12548
18159
9650
30119
22270
29085
18009
14551
24146
13105
7643
22443
18801
24589
19177
15793
25053
14861
22281
11581
9984
11658
6291
32162
19879
27692
4959
26614
7012
26652
10772
17198
8330
1654
29976
22154
15544
31258
2918
31208
17646
2850
8011
12610
14064
7901
4616
30452
16572
8803
20575
21725
16335
892
24315
3537
15364
1549
24448
32741
18265
21889
13560
25082
6976
20065
30051
1046
1598
996
6951
21941
326
18128
11651
4505
9968
8097
10147
31225
4256
18428
7580
3555
4303
15367
10527
32552
14940
15089
21298
15271
28713
17268
6503
31636
1118
23707
29271
32721
12071
23797
30623
16289
2319
4948
9305
30110
30368
9970
32554
26393
17081
22140
16655
30507
21609
3330
19942
3715
26854
5129
31575
23691
32612
10626
22984
11766
17998
21123
17232
1092
17139
7733
31792
2563
157
471
5822
14043
12971
7517
30191
19307
15159
18447
4935
28295
6042
9103
23137
15214
25902
28141
5897
28537
15165
24401
4207
12595
14190
28581
23488
27572
13627
32169
13952
21462
14302
29609
31801
16944
5261
30453
10300
16051
8473
15641
30931
14825
9755
1728
490
21230
13557
1963
7701
19310
31557
10814
818
31901
21473
1252
28334
442
3307
16624
9199
25581
32248
24145
17228
28080
27434
23920
8136
16417
24231
20063
2716
9422
10547
1775
640
19364
15639
22419
15478
9405
14230
4475
28916
28740
19685
9472
24488
18060
15522
22545
2417
6659
27741
9964
28670
19683
8080
21327
13468
11758
867
8920
25108
23219
21765
29878
11697
31031
13265
11034
5312
29534
27262
11549
32017
4735
30967
28119
2628
13201
7032
6392
32569
16985
13307
32359
19308
21029
19480
23332
26990
24878
15484
19804
11683
18497
29946
30343
27232
2967
4419
30103
24625
23384
2995
15875
30379
2861
29356
22614
9069
1401
27205
4548
12323
26274
28943
15351
31627
2296
32359
19476
2035
890
1481
27910
20165
12480
20267
21439
21552
28663
5982
25405
26359
8492
30530
22827
25274
32620
13101
7057
9732
27969
32339
6829
7699
8230
25020
22532
15861
31590
7621
13002
8331
19442
8004
23122
32403
5136
28811
30145
30029
13316
19957
23116
20623
5458
913
31944
32160
16999
18560
32411
19964
14317
20008
30766
20110
11030
32741
19400
23682
31699
9577
23197
16605
2933
272
30650
1522
6843
2851
1035
17524
30254
1994
4595
10209
30275
23915
16559
17420
14842
9503
13756
4221
8713
19163
8293
7499
26858
6303
7561
18266
11823
13170
15066
27521
7659
20388
16890
16752
23161
3167
1326
25757
8768
24508
21900
13917
24015
25182
22058
4536
8382
23768
16347
7560
27998
3621
29801
21965
18204
14541
29051
5607
12808
27923
13305
32253
5072
28257
19989
28776
3357
8224
27561
20841
28779
19126
15971
31824
4454
129
14948
9587
30936
26594
25739
6877
19445
30749
1079
3110
28100
11118
30153
14066
28093
16565
103
13322
20695
30852
20538
18162
2331
30075
12353
22220
14479
23333
6360
14507
8928
16880
7532
29582
17549
19433
30473
3451
9443
29346
11184
380
14109
6377
14006
14499
31413
10919
29096
32611
3104
22875
14909
11170
19056
14842
7036
13792
15480
14011
31532
17125
26240
5822
13068
9475
13696
4376
268
32106
22916
3505
5851
15794
6649
29001
4392
11380
19584
8514
5273
6367
32714
32578
3365
10591
19104
6464
23426
1070
10853
7402
833
16705
28304
3065
21981
22953
11339
12052
6488
12646
18127
30354
6900
21021
16315
24775
18817
2032
19160
18957
24445
23818
3830
22570
31298
15057
3695
26355
8991
6937
22876
497
9490
25824
26044
18432
21090
24178
27806
9235
3320
11321
30275
18823
26953
32373
31280
6439
32282
1899
13335
5068
30332
26054
26463
12301
26263
2512
5356
23950
20063
4002
2657
14358
21078
12451
29171
14845
28495
26972
23153
2644
17337
152
9529
25045
8691
7623
5415
22498
31742
6010
1807
5028
12240
8129
22133
17776
23212
2090
17394
6414
14994
7552
25906
27884
10967
22021
3342
14691
28689
10130
12240
22824
6072
32579
24146
7366
17992
32552
14499
31208
16305
21971
14780
15704
6148
31471
9362
5974
16473
18467
14616
6325
28627
11579
11519
29318
1383
26756
521
22336
25418
19458
13825
9972
4742
28919
10111
21346
1184
19934
28687
13848
14110
16504
19386
25737
4425
8057
4859
22709
3430
24726
19925
2324
9674
20072
13049
16841
8967
25378
31072
27519
8751
28306
22272
26176
16196
18734
12182
16036
21342
2935
25977
7567
28807
20606
13525
24535
29844
29215
9771
9128
16115
2154
1586
24154
3219
11886
30640
800
21178
32672
1278
28036
17554
10826
6295
11665
12529
31661
27835
6404
3845
28431
26563
32066
15423
9168
23776
18884
14590
29269
31113
21255
3998
3110
25503
4082
4899
7232
32465
29062
17540
28335
23513
12185
16965
29663
1773
25280
30067
28657
1340
24407
31469
15222
31932
28872
2439
14482
18261
28128
16696
7014
1530
7774
20052
15396
10049
15533
12783
2825
19504
13363
21669
27694
2782
14051
11483
11566
46
9513
600
3509
15266
14840
29595
1812
20359
30185
25005
29630
31782
21977
17974
19145
12216
9800
5687
10366
16109
29136
20397
13256
21015
10787
32751
19747
23393
27891
26905
13628
11077
31020
3227
13140
6475
17215
10398
27346
8416
2550
6191
23847
27415
29767
13116
31405
15426
16065
13507
17704
30928
30681
30439
30977
25233
16758
28151
20444
7895
31748
6224
22645
6710
6477
12472
16507
28604
20511
26738
20018
21932
26712
2001
25250
9779
8292
23638
12560
23620
17091
26172
5614
27552
5114
17817
248
26656
15736
12921
29914
14103
5280
25407
2831
17808
11479
31595
21073
5475
14716
9588
2823
11599
25483
5518
27903
8735
30794
5518
25120
31131
28391
11659
23243
784
12625
32597
21759
21997
139
26467
28149
17345
29230
1013
7113
32647
14707
23783
2516
27053
15180
18330
10481
3979
18096
28991
10185
16459
21656
8972
14201
15233
14299
19799
22030
21453
22600
10299
1748
50
3332
21304
13936
9405
7647
22711
8174
25783
32720
27057
5212
25321
20127
1838
31422
9973
26120
28592
18620
23804
16811
1511
16865
19183
18972
16498
10643
10951
13314
5801
23271
16421
3845
15577
4479
1305
30346
32304
16095
22942
24433
18264
4638
17187
31898
3663
790
20559
18868
6999
5166
3096
13184
15325
21929
28263
1331
678
12575
16095
16357
32335
12068
15231
19485
10502
1739
14976
31949
19561
8642
2118
24096
20483
20524
16317
13681
11760
9509
30866
28470
28269
21482
22595
24420
19351
24709
2229
313
3334
15346
25568
17505
29298
25506
29480
31856
18109
16707
24854
7550
31458
21832
7572
11274
8010
27611
11787
4876
13142
9252
26029
31804
6601
10771
1310
20309
1847
32695
9126
5627
19235
3234
7188
8136
16934
30135
29904
23643
11348
24366
29364
20014
1720
26809
27013
20177
16815
4314
29990
24840
29958
3942
8356
16425
6647
245
2128
27320
2479
4424
23111
5753
8369
27748
28103
74
15206
23427
6990
15940
3537
19259
27629
28827
32027
7412
7213
30391
11887
12016
23856
17912
30402
24590
3657
6142
24776
13985
15508
22035
11056
2660
31164
22509
13841
23351
18240
32574
27188
10799
4971
8980
8429
19399
11518
8573
22526
12806
29145
2434
23894
1989
22847
21609
31686
20725
22263
6640
14056
32432
12040
26432
23230
8023
19311
16711
23488
24487
9154
18380
25625
17388
26062
1669
19191
30799
22099
5452
25369
20928
13934
14444
23266
28430
23066
10791
1196
4148
29870
27815
30961
29293
2087
5777
22534
10921
24079
22914
4805
7500
6480
29964
9157
13237
28797
17667
7610
15506
23671
18700
28977
1166
15521
10155
27051
4328
5422
21463
28241
20973
29418
14582
23716
14940
13908
5948
13590
23255
6533
10791
13733
7203
30216
16446
24199
16214
25976
26186
13539
28207
27865
27827
1856
8255
20195
25516
24443
23662
25214
1806
20205
21970
8408
927
29707
13826
2798
15874
17632
4361
9468
30932
20119
29339
17191
27752
20562
27071
9699
13012
21745
22868
23934
12319
8294
12993
24696
17209
29246
982
4045
7823
25513
13329
5231
12687
31863
9235
11310
13280
26467
26846
6089
21673
20631
7430
15227
13603
13572
18735
21332
29138
13265
6060
15091
29939
15665
6580
12708
17235
21247
6133
31874
27723
1848
9775
10799
13635
24644
11816
8261
24955
30209
29544
3926
6597
30638
26636
15243
17615
17692
31276
14245
25452
8358
19433
32355
15110
22139
30438
10488
31230
22643
12543
25682
5034
15741
10813
11227
23591
14735
5499
666
27455
15368
266
4728
21163
31851
29525
32148
21394
23957
9467
13700
10713
8603
29654
4938
10546
26355
588
3703
25511
13969
3458
4995
9301
6630
4531
21488
20840
18532
28175
17076
4801
29104
8870
24297
18807
32011
7282
18890
13412
17762
18846
30142
12911
13525
24594
5389
22309
25812
26707
27932
29032
6137
31958
2543
18619
13134
4798
19592
9609
28509
7208
10037
16908
18541
12378
11144
14118
27848
26667
10190
641
6947
21575
24396
21416
1021
30818
11865
6293
14528
5096
3160
1098
26417
30917
4459
14176
8604
24123
8291
4610
6560
3118
29241
6522
30553
15061
4788
16564
11061
21097
13806
19084
29632
31172
3758
6197
30634
25758
4069
14001
29991
7308
18816
20725
21606
6647
18616
30413
13689
27303
5918
32553
7600
27092
6045
84
11342
32348
26650
14376
10179
10754
9004
22613
2469
21453
26740
28192
17880
14721
3145
17277
29936
28803
26036
12295
16613
8020
3378
31387
7985
8279
21296
10997
26909
13285
22633
4300
234
22715
1026
25700
6418
14849
15486
17184
17835
8499
14661
14553
528
16859
14233
31662
14557
2206
3993
9098
3955
28729
28230
32711
8272
7746
19764
17613
10348
4228
6759
10145
4308
6119
24214
7562
30304
20088
24908
1255
13148
31423
27834
24458
171
8410
9853
30329
15349
1569
6016
8707
16569
2557
30007
5929
16797
22287
22937
8438
15020
11939
27870
6935
8655
24276
32546
22949
14817
10737
26205
12858
13304
10046
5445
7926
20855
994
6801
20009
8729
22313
29023
24749
23079
27882
16460
23183
6119
26092
11483
15302
27830
22343
8437
28243
19871
21552
18605
244
13872
20609
2050
29966
16800
11121
20704
28674
16282
24512
23945
32754
11015
10943
14091
27044
11763
26143
10786
20750
18183
22087
7718
1433
21584
32090
27196
25616
10365
32273
15567
31323
3334
20531
26760
3139
16598
21892
5230
32082
26309
15948
18854
23754
31522
20668
3483
2327
4386
4175
32065
29366
20215
24947
29646
4372
31955
19412
29663
22611
924
13919
27734
10070
13775
19201
23413
4705
25286
23209
24595
17770
21874
20796
4920
6252
4611
8720
5554
3656
28435
31576
31844
14745
8581
23936
16279
1403
4782
31338
6120
15582
12568
22848
20827
577
16590
26775
19541
3718
20628
25206
1667
9187
17743
26095
21718
23701
24567
4455
21884
30745
1562
22722
32411
10231
1694
12000
10872
31654
31446
15329
31476
23164
20749
27998
25524
1572
30790
30324
22748
7954
1044
30455
3320
8917
4973
1355
11584
29275
28478
9645
21792
22677
15241
31890
31307
32371
26141
10910
14787
2118
526
11777
5467
14535
21209
17992
19412
3404
16834
18288
11177
2528
4861
18149
6851
9672
14856
6714
1772
4717
2824
22420
481
30637
19459
12457
30233
7077
15183
28242
7640
7405
15832
19880
5095
26492
11917
26855
27172
1019
8758
11469
8737
29503
32276
270
6835
6041
6140
30096
6567
17919
8721
10666
10400
28176
5046
22501
13152
3155
29445
8868
4774
8514
17097
15759
21972
4628
8868
32721
15760
29403
10391
5873
30392
28800
680
12708
19842
28232
21983
19987
31385
32620
18150
21898
4697
27526
1400
20937
11641
12517
12865
1703
3472
6382
20198
32223
22937
8890
16090
8262
29798
427
16651
23841
16731
32087
8207
27045
1645
7054
12819
20084
18262
4895
7079
12306
3842
1831
24034
20832
5757
12900
6772
2522
503
17379
2849
19733
28436
14223
18897
4269
8607
27405
29967
27776
825
25691
21039
13169
32186
6333
23940
17794
8363
30652
10702
27683
14732
14211
8907
2536
4873
1375
27023
21001
5395
14461
17475
13536
316
15743
1100
15015
28927
20902
13425
7609
3336
23861
2481
3308
3247
32258
28006
32088
26228
8152
31044
15641
345
10251
15617
10839
24021
3759
18849
15833
10822
2853
1039
15915
7084
1439
13106
21891
21671
16196
14236
2209
13646
15380
26852
972
699
29921
2968
31610
24210
27138
30423
28469
16647
678
14234
475
7969
20268
7905
8353
25727
28172
12571
5941
22920
4692
9361
19920
13706
21842
9118
8992
19107
18376
24724
20130
6285
2132
31807
26576
12787
27216
19854
31668
4720
15541
16036
22473
1300
8409
13742
27848
652
27278
28289
30429
31213
5205
12627
7144
16192
24928
6071
6418
9963
13588
23981
11206
32045
27427
4919
9357
18329
21801
15882
17155
16894
14876
23809
8933
4544
6412
5350
25367
9621
6863
11616
20962
31373
5217
6374
21870
18579
21488
26159
17293
11751
15277
6758
28926
30441
23490
16453
18772
22014
24662
26202
17467
10354
12195
11832
2144
13361
13292
30226
25133
19714
5730
17732
5347
7706
23034
32076
12864
9507
26969
10023
7753
26941
18216
26452
24999
16452
3237
25241
31465
2224
5165
28288
21120
4288
22468
12634
25142
9034
1349
12977
24128
31192
9478
30065
9827
339
5887
1084
18445
3775
22190
3652
25646
21827
19722
28896
13582
20449
28513
29653
32685
2459
18458
18536
19531
32624
12674
9572
29078
28388
32724
149
531
25664
29284
12761
24854
14137
12340
20754
6589
30730
32512
4474
10522
6478
1750
4905
15874
15877
4966
14331
28173
13781
25447
21147
1787
28885
21540
12281
18032
6511
5095
30995
5480
8160
23774
13887
6245
14860
4295
11313
6299
9986
5245
30666
8967
23094
24110
30475
14624
3419
2198
29936
28928
3818
28384
25785
25164
5706
31545
6833
14044
23420
28446
26732
24494
19545
8977
1001
29008
26074
8997
28892
19785
9977
17498
17293
1146
3788
13598
25641
30742
10373
3708
5213
13332
10879
7265
20553
7766
24453
20170
29591
1259
2301
30095
23161
23646
24565
5865
24683
17757
4723
1531
17552
28991
6212
23557
26976
28376
26324
11441
20355
20710
405
12856
15582
16904
24189
13448
28641
17523
32081
875
11734
5674
18243
9961
18756
16500
11193
19402
29300
17810
9729
15062
3500
29508
21183
13310
4341
1359
22216
8984
14018
22177
6501
21796
31175
6174
12597
14793
27272
19416
10286
5057
12746
31632
29152
27636
412
912
467
1092
17090
27827
4535
18309
5922
24748
3213
13359
9556
27318
29670
11202
2828
29181
27280
20688
21383
25954
23162
18473
7067
10212
16628
9720
5000
1554
12425
5833
4757
17774
815
24157
24984
26905
11861
10019
11050
30027
22947
220
15796
9737
27554
3020
16892
14711
1260
23067
21780
27045
2669
14603
17146
94
29389
14858
2136
2698
17950
9326
1876
21801
7220
14422
22249
5565
29978
8821
2151
16491
29140
23511
11811
11902
231
28277
4271
31001
3625
20908
18125
28137
31361
23563
29673
5974
12485
9257
17658
21042
28700
24804
28010
7446
21705
9067
30871
9059
3130
1050
4815
32637
14515
6011
18960
10534
17914
32094
28759
2148
12505
9441
20628
32751
24938
14200
18668
9034
7310
23883
8875
11696
13047
6091
24836
28277
2163
3279
9886
29817
26370
21988
12827
15981
4161
26567
4733
7805
16274
18452
19057
6897
666
31826
4456
1115
15068
2133
15547
20820
6344
7283
25148
30518
10220
20918
14432
32707
9876
1627
32662
6143
7812
18826
13332
14597
21337
21627
4016
13237
24337
3179
8378
17938
29495
28522
25508
18945
16684
14
23737
15773
22220
14614
5375
5036
19988
18794
4115
2275
11251
6687
3634
13731
11703
1241
4904
18647
22718
26131
8495
28538
24090
12820
31104
28430
8706
28536
30032
408
19991
7511
22334
28316
28228
1560
16019
20104
27206
27327
18429
21842
6160
28000
30150
18772
24631
22975
15896
22338
19902
6350
10166
27633
19322
4671
13455
27946
3608
28821
31350
5392
9869
7859
19180
10390
15796
9118
1494
18013
13657
9283
1083
1447
17286
21143
28292
29643
20097
12799
12146
9506
10142
19184
31096
31208
18560
629
32029
15485
24393
27218
28014
2688
6469
14707
26634
12529
29163
9070
10904
16027
3816
16099
20411
9560
29324
417
3787
25282
26144
3717
25294
8291
2833
25391
16577
29674
21459
25041
15973
9585
21650
27868
11729
12625
26985
11604
16896
26937
26052
19469
3245
31926
21855
8753
6680
18998
17764
18673
32051
18469
15354
28447
7215
29832
14963
11480
16889
27837
14743
5829
2920
12506
23144
7199
468
8919
10417
14249
1892
22294
8290
21333
13335
29248
32381
2755
17431
2168
9708
21187
11201
14839
20204
13257
28365
2315
29242
1860
9508
81
2384
32762
9625
10170
28983
11627
27311
10731
15543
16789
23823
22942
16320
11778
18585
4181
28898
11073
25155
24317
1115
6679
2275
11716
26660
25525
13447
26113
7532
16010
972
30703
10825
30541
3021
3483
3442
30429
24371
23943
27373
14172
8659
30463
1144
2792
22149
26483
29373
10262
26952
14847
26007
28979
9627
9100
31297
5657
32432
11732
27190
7436
13305
24114
17695
7085
14115
14561
32596
6423
23317
26410
17362
12395
25231
20447
30175
9569
11834
805
20538
11439
13546
14991
15985
19224
25228
9710
23558
21285
16191
28104
5617
21409
4062
30668
8201
29843
14979
16516
28558
11938
20434
13271
7976
20936
30800
6479
14437
10619
9166
29706
4810
11413
5142
28118
18671
29587
29567
13416
16810
21532
9744
15312
30000
25401
24231
30622
24795
2290
28347
4813
234
16773
22786
22145
21242
27347
27693
21031
9352
32752
13668
27902
22840
17705
16459
13781
28832
18008
25492
22521
19221
32085
13045
5779
27203
2885
8000
32338
31955
22018
23717
29718
9486
30744
4213
13820
23674
9022
32716
22125
19669
26513
3504
28603
347
17231
12675
27658
15020
5770
27544
28875
29290
18275
4881
2922
1320
17430
22833
20756
11947
8721
18633
9034
7471
6653
1159
30493
14523
15509
8352
16749
32272
4998
24821
19137
26870
11395
29881
19979
30725
20891
17893
4858
8531
5557
28506
19470
18578
11652
26148
1351
9550
23318
8048
17483
24629
32194
9529
24058
31991
29745
26899
2146
6382
3561
3435
17746
24267
4868
14478
5140
20982
9501
23422
30860
27108
15192
16869
31045
31016
22968
27915
18088
23811
11019
14400
16876
9919
5550
1200
1416
28121
26680
2259
30361
2413
5492
8602
20532
11520
14436
20286
15968
24076
13158
6826
17445
4133
3767
18415
22968
30336
185
4249
2498
22828
1698
10152
9652
7737
22111
11494
2161
23588
7148
21121
15664
18691
9242
934
9751
27909
8132
16263
28219
10860
22485
2974
26284
25032
17621
17491
20668
5277
1518
27442
30358
5001
9723
21199
24286
29615
12306
6184
12796
22179
15971
30765
4848
28349
4864
964
2640
20035
14154
2435
5935
27585
28906
28507
4715
21288
10414
30297
2596
25091
2569
802
20768
21166
25720
18918
29790
9396
32752
14181
30379
29743
27544
1205
11106
31756
9142
12150
2394
19357
26605
10774
10505
24689
16005
17790
12558
26427
11679
22797
14823
7955
26582
15150
9152
21373
3711
32674
1848
7927
6723
424
26277
5714
32581
21757
21791
17470
27965
30092
32171
7034
8828
6098
15104
10149
31005
3825
14950
11605
23910
3850
2929
24836
7125
2298
7967
28161
19725
18385
18249
18638
7156
1367
17609
3572
26658
14431
3534
11529
30207
23254
25662
24744
2007
27193
24973
19513
25057
14175
25296
880
20388
24244
20329
6575
26427
6768
28790
11994
18068
27898
20083
13826
2353
8729
18444
12292
30730
1631
32492
2132
30978
5071
8238
20930
18715
13582
29742
21890
9379
643
883
13934
13615
31933
591
23680
783
567
7193
28094
13132
26919
18538
28450
32414
1780
23123
10909
18282
9477
5890
11933
27925
22622
19608
16363
8725
25533
16993
7145
10117
24244
19976
11016
27826
18436
10606
9737
28346
13513
19017
7183
24787
2257
32293
27475
14026
23331
5282
15730
24538
8083
6822
10690
23863
2107
14031
4619
27345
28870
912
9443
23736
31202
4757
15039
29861
22782
11190
25984
23735
15756
29074
28233
10851
6228
28430
12773
1972
26768
6669
9780
30209
26516
21579
16465
9074
27256
18258
30824
4837
15202
23318
20225
31055
29240
22635
2596
30027
21452
13254
26681
9312
28620
32703
11124
832
3244
10281
20138
21847
7059
31437
31092
29824
14361
19280
16999
17229
14403
25338
16429
2668
24893
16358
23187
4264
15420
23935
23456
13536
10264
3090
15572
13571
32423
16471
11942
24651
12058
10977
29108
9858
29714
3465
24197
3577
896
28732
13347
13809
4143
19658
1917
26977
7834
24113
2532
10078
25471
22040
6467
22021
9592
9415
16005
17372
32003
5565
24795
9343
17986
18352
8576
6856
23917
17822
15223
17157
23064
3258
26014
1292
8319
6778
1358
5303
7389
16424
7928
21834
2879
10220
12501
3511
17048
15950
18461
10432
2919
17717
23196
30036
4597
12026
23443
13001
22484
30243
20708
19196
2586
138
4777
17186
6120
23676
3629
28445
318
24574
16879
22490
19772
24443
11187
8038
12773
1297
24281
6748
19332
6924
23841
28972
13415
1576
21456
18455
11671
28763
16538
1771
31982
5036
20919
30284
7120
16736
24761
26442
27388
626
17164
1258
28793
17402
8734
8508
8898
5010
11019
10746
11947
14355
10561
5539
10248
18562
11460
14868
13834
30672
17142
21898
1414
20650
8919
2709
26331
27150
1093
28447
12936
12678
8381
12325
646
19989
31728
31813
16798
14597
8328
28821
661
17741
32556
16924
23899
13736
28598
27345
3327
3441
15339
6286
21926
10494
30835
30300
28556
10283
31588
9195
30457
31342
4691
20778
27000
25035
4121
11148
15867
810
23442
31789
18394
28732
20095
14539
20109
19732
7539
2536
2524
796
23734
31033
15859
18226
18270
10925
31957
24865
25265
2780
13411
30238
21222
21258
23013
6721
19823
24878
16714
15061
7853
8209
2148
1778
14976
30334
1324
23128
899
27346
13146
9578
10784
17349
23866
20009
4529
20254
3046
29515
3540
5743
3266
20280
943
8697
3946
16530
31483
17333
25223
16107
28315
19406
24677
13073
22054
1278
32147
2833
22403
11591
20146
9769
2996
1667
10381
8011
13302
1805
11570
21680
8840
26860
3307
27760
1511
14109
31091
2903
12796
22128
5893
26798
13694
10214
11685
20333
10080
24646
16166
12251
9760
21258
31711
5821
6679
13755
25499
7912
23290
8799
23719
7508
17908
13519
13080
6041
4107
2847
24950
12078
15973
13667
11393
26882
22678
14464
32666
5351
175
5995
9891
26106
21281
14736
31171
7077
14478
8667
2429
13001
29688
22541
27192
19967
32042
11429
19071
5095
30917
10200
9850
24725
32615
27720
6520
14256
16988
32122
3395
25458
5025
26159
16578
7754
18736
3727
30454
26669
13609
25909
21515
30931
13052
3556
10117
27041
5267
31714
29082
30216
9586
11985
18470
26837
11176
22704
16758
18905
948
29198
11087
8755
3854
365
23930
11426
4960
23118
2250
11810
3717
3607
15555
25232
6962
8098
8395
8669
25990
5504
20767
8240
24715
1530
3535
22509
19028
6420
14087
21353
19000
32704
22155
32499
23145
22627
2114
32020
25970
21179
6700
25899
12997
25042
21698
20007
1255
9744
10518
6920
16
21339
14723
31837
23328
17230
24198
23840
2984
25053
8898
13971
17356
22581
16958
12809
6363
66
6674
17744
12744
25668
28477
17274
17754
23748
27109
30539
8592
12856
13272
20430
8043
29164
23159
4928
6591
26651
8391
15058
31785
13150
7751
2555
24877
1729
5915
6496
16014
11298
12883
14809
4747
1122
28217
15304
8462
25302
3460
11531
929
25730
25389
20581
24865
23512
788
27751
1610
6016
2054
4992
5399
20120
4367
8958
8150
19383
31135
21472
18135
4948
10113
12925
27496
16738
24348
24440
24867
25506
31826
4860
2442
25645
32126
1641
9081
7924
24750
32112
4520
30939
6545
12448
13587
14746
26141
12645
9975
24073
25697
17360
13950
22951
5474
32416
25882
16235
11976
1267
7255
24416
18682
28818
9414
3344
21008
16302
2342
18709
16025
106
22539
2538
11653
20179
15631
17577
24022
11678
10833
26867
32364
13324
8927
5780
28829
1233
25621
27155
23576
28612
32330
29794
941
29202
17424
17090
1402
15156
30971
31930
22523
20172
31528
21387
28563
21786
16343
26589
5126
29640
29425
23836
10806
3476
19105
13918
32514
14973
14941
20920
9605
29774
24433
17134
14894
18739
23013
6768
2326
9889
26837
18164
31656
27
10957
13218
10155
8425
21360
8695
15003
25506
30324
4132
24935
27681
5275
8618
28769
5497
5051
9430
3827
9199
23875
32596
14753
19172
29139
10509
25860
14424
26913
5319
18234
30316
23136
11409
14004
14871
3449
8812
6661
27453
5581
727
8649
20280
5732
15418
17649
28783
10598
5041
7663
30553
11990
3691
29077
15102
9468
19793
8853
5838
1840
3341
4432
14524
26445
5168
9099
9344
28845
12981
20103
9516
7398
4970
17098
12163
27226
24098
26406
6760
21315
4204
26900
25782
12289
15506
19472
1114
3735
512
277
16715
20024
24868
23748
28275
5434
24747
10916
14104
14741
6697
12017
4811
4381
12077
3899
15941
22725
3720
15656
20445
2927
17484
1679
29711
20989
5062
31784
24910
30278
13146
1890
27073
15790
13021
8154
24308
7226
23880
19480
492
25657
32664
9103
18249
15912
23220
14612
5543
23847
27507
8586
13703
2374
8748
10341
11412
30526
16075
13951
32430
30646
30067
31371
3451
10353
28007
24255
7195
24716
16375
14281
13507
15102
16155
10496
30256
712
14061
7988
25446
5304
25609
11151
23293
17945
15424
27177
18748
22716
25389
28645
22986
7067
11802
21205
25652
13352
19857
8823
23380
2288
4661
10380
9817
19192
10267
19836
19907
29141
953
13302
1098
23049
14999
25276
32126
14105
4757
13634
20001
16
25341
11782
23063
28329
13896
1130
31223
4348
17811
773
24356
1999
18523
2767
25121
7376
20658
11445
16697
19520
15956
10839
22467
28318
27898
19816
7472
31964
29304
29053
22
28517
32567
15907
5910
31218
13221
18171
19006
26563
30710
29454
20933
12573
9934
19303
3975
3699
17342
15269
4454
3425
32107
10885
16895
30675
27818
27108
11887
8382
23135
28299
13001
29685
7896
16980
18488
3848
30810
2114
22544
15442
972
2690
1342
28007
15258
20017
19935
4450
29347
29034
1365
18383
7989
890
60
8648
10404
30074
20342
27503
2543
21072
18342
16756
19215
6942
7034
6610
21211
32313
29602
18846
18274
20132
17435
5713
29272
18462
27694
955
2966
29718
398
16452
32347
25506
16945
26204
27240
2207
22748
5317
18361
26067
8541
11777
26654
10768
8732
12051
11689
4129
849
23145
32594
9197
18940
7534
21135
1744
5878
15527
20284
16436
13723
5099
25085
31656
32691
26165
28575
20949
13790
17546
3873
5240
9986
16562
1335
11747
21032
2954
16519
9502
327
688
7786
29884
11926
6950
9217
24988
6395
14066
29197
21108
4209
14311
21684
11202
3499
12714
24997
27396
31783
8067
30039
16726
9600
8924
29471
21238
14773
19391
12950
15165
29013
23068
6241
26117
5184
15690
29223
3897
14690
30895
18230
20332
32256
23440
31822
9464
28832
24855
27424
11449
17862
28325
19935
8770
16977
9899
17841
16133
12856
14637
26186
10898
9327
20538
21959
20304
13442
4943
27192
11520
8345
15240
3451
10993
21197
23222
5757
13442
4785
21988
4689
8766
24501
245
10123
25800
19097
15407
25868
21827
31634
26611
9231
30234
29764
18322
7206
11178
28880
1661
8766
29035
23826
5460
5909
14428
29083
19179
22059
19829
3840
32176
23709
6770
27153
15567
31793
15519
5319
14407
23713
9720
32603
28717
15990
31600
6980
23082
17902
13167
24013
3478
20648
8520
22778
20777
32209
27683
17480
8378
27842
29147
11402
27739
1601
23362
28295
15721
29771
16966
9706
797
1159
25720
8582
4818
28136
21211
23478
18288
23835
17016
10349
19893
17510
22370
15779
19975
25102
23459
32169
1229
26287
11312
11575
10561
16841
5998
3048
2000
16577
31245
6301
2988
8548
31427
18571
31185
23772
12991
28928
30175
13812
21425
16864
32545
32212
3052
26564
9980
17882
8646
11082
15165
31824
16046
12465
2003
26866
16071
17952
5082
7084
3659
4017
30911
6407
21634
31592
10900
11413
4533
14937
234
19951
19009
12496
25626
11580
31733
18732
3214
5285
6448
27058
25733
1046
29010
28301
12942
24955
5446
19353
27156
1569
6513
6093
28468
30867
13718
17165
22448
10485
5781
22687
22459
32547
8564
6959
28599
9825
22306
20298
16768
28441
29083
11728
27615
16138
1232
14085
28324
10659
13576
16974
15341
26894
17027
24298
7570
31747
18214
20677
26777
26955
3664
21280
11965
22461
29507
23827
23413
7213
2611
25321
29171
15503
28489
22412
25173
994
16467
17463
17767
3988
31078
25066
29818
20310
17774
4985
4818
20911
3155
18316
30319
4638
7211
719
10130
2468
14717
27673
4292
21014
25723
29950
27963
27948
15716
4946
10146
16926
3571
1049
24070
4536
27621
14724
17698
4686
23555
30102
2318
5314
8967
23594
7683
11810
26674
15
1229
21318
21923
24396
16953
20183
20639
18237
12396
15032
11271
14943
28822
15608
2944
22745
15753
17531
7747
26908
25745
6988
24437
16489
28038
21409
10523
29456
31810
4659
32601
31516
3722
22348
26780
1895
6382
26706
9204
6798
11568
19358
7121
28006
30169
12177
9783
13429
8104
10485
7567
27952
15613
16103
32282
8622
17647
19418
32119
24755
19782
19758
18389
5002
6653
27995
19433
1563
11613
28884
6688
29162
22626
10188
2360
26229
25116
16856
32485
13877
6611
17431
3176
7857
5750
27422
7474
4135
9499
26344
23119
7716
7206
19546
22816
30839
3409
508
30391
4534
5843
17152
1552
16092
6245
11222
4457
10753
25607
15359
166
18380
29451
6749
5976
18663
184
981
20550
16607
18215
6270
21618
21380
17824
23530
13270
32305
8404
32480
28065
6615
8293
7523
6036
7184
11267
20892
30899
27004
8947
22732
3108
22000
11160
20381
31346
3999
27273
28642
32480
25853
31179
21902
9486
4335
4397
22221
25792
12126
31695
10965
25112
22304
18221
11171
564
20823
24268
20943
16170
316
24507
6748
16859
25966
13941
3963
30635
20469
117
8872
29522
20781
12916
10551
32020
25390
3534
826
10610
9082
15681
8102
608
15396
722
27502
9547
11694
14716
17009
25878
18743
3687
14819
17380
24175
9328
209
25527
16389
25435
16152
7412
6673
29782
1899
14730
23601
13717
27913
2010
16822
23731
3301
17561
15081
28298
24484
17451
16726
15549
31098
30896
10852
21323
14578
27207
4071
18417
18978
14374
8417
18161
18081
6611
5355
3736
17719
26195
11809
21593
27599
7512
13615
31187
16586
13840
8825
23926
15932
1692
8590
14010
15689
21109
17249
19894
5569
28392
6218
19228
25999
12827
15564
21010
15183
24749
18250
4125
6871
25695
23344
451
17936
4038
12363
11446
9727
25265
11794
22919
30758
9257
11521
22275
23897
11207
21931
3145
25908
22488
672
6753
4057
11778
15869
20194
32739
13055
20695
2899
21081
10191
19769
7242
32525
2684
5358
17694
28091
27680
28609
12530
13925
26390
8054
14293
15941
28980
14802
14654
18327
26706
5475
16924
3147
11770
8156
31757
27686
32761
21284
1324
24367
15942
5369
4587
2976
3962
26279
10610
9554
20959
10376
12893
9644
4125
14694
2664
30853
7167
17905
1156
12426
24896
28676
23214
10610
14976
28659
27380
3010
4089
26179
5236
32666
32269
11971
10300
18843
10174
24657
8780
22588
3486
7454
26710
4845
13608
8094
3967
10126
11456
12020
28540
25457
15252
9320
18878
6006
32618
22808
30895
32755
21553
31412
24297
27588
22912
12873
9776
27091
15913
11002
18641
26989
11889
15669
15127
3385
16457
9436
8432
12116
25083
24371
22576
28524
26599
3857
26642
6599
12598
192
27448
30080
20663
27940
7824
18314
32353
17087
23680
30523
31150
25804
18850
589
18691
3603
16795
17581
4434
22827
19130
11471
3155
31399
6356
19380
26145
19982
9603
307
1762
15445
18165
20194
9562
25564
16876
4744
19833
5427
816
2705
32731
21677
24828
6320
4268
26447
9331
20969
24274
23260
19913
8816
1456
16288
19306
27580
11628
13905
18416
14148
1834
6102
11064
13554
10631
4100
12318
22028
25999
15803
31818
14448
3215
17009
18950
2577
14245
621
26983
18198
12267
15599
19222
25283
15322
15062
22852
7801
21064
6790
11433
24698
14575
3564
22208
11421
17046
11758
11055
15706
14158
4143
10157
27739
5154
5538
25403
2534
13062
6464
3256
22772
22514
31292
22386
21656
28951
21099
14007
18163
16453
5822
17684
23143
26298
30101
24672
26451
13380
10294
5088
2776
15509
11170
27798
18879
26220
26342
16631
24453
23372
681
500
28131
32264
6334
872
22833
16886
15053
5958
17633
26807
4386
9823
31680
11397
30389
13990
8580
7997
9559
13646
19057
30795
21443
19843
8602
24457
17610
32112
8499
16052
29658
13743
7628
5370
19690
20128
7522
20498
1702
7732
6263
575
16954
7483
10821
30062
9584
31532
22326
21306
11954
24274
28648
11409
9583
24326
15384
4609
9702
32159
3969
12926
6354
16822
19632
23995
22808
28023
21130
4015
20266
7067
9178
24657
14063
16361
10866
28798
11566
30345
19052
17664
10038
30061
28702
28296
19270
32667
27151
20909
30296
25350
24289
23363
18724
6693
5425
28863
20500
3332
8780
25474
9866
1775
166
12372
11895
20974
12640
14139
14705
30006
28292
20641
16561
29104
9581
20556
20418
8925
3885
31761
29854
23356
30912
24836
7496
8971
27801
2212
32223
5769
19118
6789
15761
19911
2667
6065
12760
14145
13546
9775
13233
27566
6625
13403
24444
29596
13840
218
10551
12176
24681
19453
5153
21675
30943
11109
10273
27533
8291
32530
11363
20347
21396
22992
9504
1117
17360
23844
1103
5032
10990
11520
9305
6738
19754
14381
12876
30467
13265
14335
25898
1003
24309
41
17822
16863
18882
1451
23212
10079
2113
1872
28438
15161
19274
11069
21282
14233
23605
30198
7043
23286
10793
2619
28706
31743
17796
188
24629
3244
3251
5368
17198
20162
26523
9095
13672
24785
2422
19218
24047
7759
430
28830
22872
22197
9653
22948
23171
10645
14413
9037
18459
1603
21622
11712
21512
2317
31466
23929
28126
17030
16333
29032
9712
218
15814
17269
25376
3092
17727
23068
9825
21070
15590
24198
23450
13654
24762
1332
22469
4903
9024
29
7174
10825
27717
23908
4460
29768
20597
25695
23672
28048
22930
11822
6169
24289
10675
79
4658
12045
9414
1893
21737
26011
31009
7847
1832
30110
950
32014
24006
17304
21562
19543
6332
32027
11348
26182
14639
26466
6971
28695
16165
25747
7638
29779
13445
23585
13795
553
3103
3820
17683
2864
19120
6009
14824
25254
14078
10098
19879
13131
18588
9752
16978
26947
1478
12405
32586
9170
32338
26595
17438
18761
3905
14884
22650
29363
4888
14012
6351
26378
28607
13910
8257
24863
4550
32390
20767
32759
27567
49
20526
7495
24853
192
24454
2711
5992
21421
21250
32488
22754
3179
8448
14983
5911
2684
7336
11600
11546
10830
5647
21382
12261
8082
575
19395
6718
5954
11448
5604
519
14811
2771
29753
4842
1542
5020
13783
26205
10398
27102
9697
8282
15444
19624
27047
7079
15689
20540
16794
5351
31675
4037
3288
4841
23388
11581
14967
8734
11763
400
26439
14452
9020
27280
20396
27230
5164
9973
24309
26908
23850
9193
18941
17609
7817
25032
23215
25151
21287
22819
9767
32578
3626
7493
25862
3378
2358
30576
7295
10164
17995
891
8811
28161
19449
29323
25231
19746
14027
7296
28519
31841
6924
25433
2495
30815
31856
15581
6716
8783
7647
17659
26984
19870
4335
25505
14553
31023
9845
7785
18815
30472
25401
795
15174
15688
29148
23989
27941
29940
23595
20063
7064
29667
28735
27627
22490
22965
8515
28575
32139
26514
28262
13088
12871
4946
6657
30964
3230
3178
14296
6511
26244
16216
23348
21173
5671
8484
25795
26497
30412
4880
8097
20532
14553
20048
4614
3533
21030
5112
13658
24573
14664
32410
23168
24926
14060
24632
6770
23646
22801
2211
14190
18689
5662
12732
26923
20205
31163
3181
30981
24966
30501
15023
24631
25068
27311
13799
6305
18823
564
23834
4121
6594
16537
7530
17947
18244
2135
13484
21455
26831
13190
32400
29973
31582
3634
19632
25512
168
25293
15652
16589
6553
18962
4018
4893
230
22318
23537
22964
30020
8472
26787
23919
28066
19261
12499
4195
7281
31841
7253
13356
24974
30470
32105
5937
16914
18763
2993
26712
15504
16324
14086
3271
32176
734
23395
3495
3705
20371
32513
15299
17404
9776
22134
8349
24632
7792
1024
17650
8090
1417
11195
22696
11250
16289
9912
19343
16080
5680
18558
946
27637
31232
14745
4202
27993
9553
1654
22220
14655
31031
17673
2514
24601
23630
16465
19791
17462
25965
405
13924
10827
20055
524
12646
27494
15584
14764
9707
11600
15050
30340
9000
18521
5611
17790
30451
31362
15391
22768
9462
16881
32383
29965
22652
25914
2466
8207
29868
29053
5343
24681
25621
21007
31768
15728
12815
9239
8626
31112
2336
23295
27719
20208
13705
24553
25769
26852
28519
5736
9829
29203
29139
5495
3077
19678
24660
985
22459
5108
7274
13899
8080
19815
32629
2144
9304
19968
60
12471
24796
15057
11218
6627
14592
26084
11780
24411
8170
30370
19538
29794
29821
25504
18188
12633
9551
1352
24536
12626
18148
21997
2316
9846
14320
18076
667
18235
17426
6554
10378
13078
7943
20702
22843
245
3349
7100
8789
7437
24342
28155
9236
19680
21861
322
22968
5757
8857
3894
22683
658
28067
17645
26303
17332
9448
11112
2278
3450
5727
25608
28331
23348
3295
8423
23066
454
8992
22887
18328
4344
18871
23385
24328
14922
31320
29443
4539
26543
22386
13245
3334
18591
32649
14835
24103
11452
5612
5919
17991
31719
16155
9788
20184
1305
20887
24270
370
7361
24811
4051
2918
10318
27614
23038
2752
1055
24343
5229
14388
7263
24310
18051
30035
21429
24261
5121
11017
2058
592
10700
20027
9161
4009
23271
16729
27235
14620
1907
27124
15012
12856
14745
5785
14497
12332
30205
27917
13940
6956
4412
10995
26409
30440
9879
21632
27617
21321
8604
13652
27139
9391
14176
8991
7428
15121
7987
4783
16534
28924
19854
32463
29858
27878
9988
8659
26645
3111
29491
21912
18608
22574
1771
30186
4132
29161
14941
25595
11748
11444
12983
13185
9812
7938
2784
15051
14980
30414
9794
28952
8199
21623
9785
4188
21481
10087
8280
14817
366
13486
23369
19486
6537
14964
24825
11380
9295
7433
25776
2238
14494
25873
25126
20594
18671
6149
12405
2839
21740
8584
8242
32685
22701
8445
26271
4050
21093
13767
20744
4411
979
19583
25005
23612
14277
12838
10590
6588
16237
13014
20086
20519
30238
423
16951
26303
13329
27915
19151
2698
2489
95
12058
3523
7089
19980
13308
3110
26668
18652
3568
13422
26855
13091
6944
8790
2681
24478
12588
3094
9788
26149
24258
25324
13153
23265
14230
2031
6416
6644
6761
15877
27765
5535
7015
10288
16901
1472
9475
12234
12064
1895
22087
30346
1298
794
31231
6993
4441
5643
22085
3119
6514
14077
29596
14643
3753
20758
10566
29916
