10
12
14
15
16
16
22
26
27
27
29
33
41
42
45
46
49
50
60
60
60
66
71
72
74
76
79
80
81
84
86
88
89
90
94
95
103
104
106
106
117
129
131
136
138
139
149
152
153
154
156
157
160
166
166
168
171
174
175
182
184
184
185
188
189
192
192
209
211
218
218
219
220
228
230
231
234
234
234
235
244
245
245
245
245
248
255
261
266
268
270
272
277
284
288
299
307
313
316
316
318
322
326
327
330
339
339
345
345
347
365
366
370
380
384
394
398
400
404
405
405
408
408
412
417
423
424
427
430
440
442
451
454
462
467
468
471
475
475
481
482
482
489
489
490
492
492
492
497
500
502
503
508
512
519
521
524
526
527
528
528
531
541
545
550
551
553
560
564
564
567
575
575
577
580
582
586
588
589
591
592
599
600
608
621
621
624
626
629
632
637
640
641
642
643
646
650
651
652
658
658
661
662
666
666
667
668
669
672
678
678
680
681
685
687
688
688
699
705
708
712
719
722
726
727
733
733
734
743
765
765
773
775
780
783
784
784
788
790
794
795
796
797
797
800
802
802
805
810
815
816
818
818
822
824
825
825
826
826
832
833
833
835
837
849
852
857
867
872
875
875
880
881
883
890
890
890
891
892
896
897
899
903
907
912
912
913
924
927
929
929
933
934
941
943
946
948
950
953
955
961
962
964
972
972
972
979
980
981
982
985
994
994
996
1001
1003
1003
1010
1013
1013
1013
1015
1015
1019
1021
1024
1026
1035
1039
1044
1045
1046
1046
1048
1049
1050
1055
1059
1063
1069
1070
1076
1079
1083
1084
1087
1092
1092
1093
1098
1098
1100
1103
1103
1105
1114
1115
1115
1116
1117
1117
1118
1118
1122
1124
1130
1135
1144
1145
1145
1146
1156
1159
1159
1166
1169
1184
1196
1200
1205
1207
1212
1212
1229
1229
1229
1232
1233
1233
1237
1241
1250
1250
1252
1253
1253
1254
1255
1255
1257
1258
1259
1260
1262
1264
1265
1266
1267
1268
1268
1274
1278
1278
1279
1284
1285
1292
1293
1297
1298
1300
1305
1305
1310
1320
1321
1324
1324
1326
1331
1332
1335
1336
1340
1342
1342
1346
1347
1348
1349
1351
1352
1355
1358
1359
1365
1367
1372
1375
1378
1382
1383
1390
1400
1401
1402
1403
1404
1412
1414
1416
1417
1419
1421
1429
1433
1439
1447
1451
1452
1453
1455
1456
1457
1458
1472
1478
1481
1493
1494
1503
1507
1507
1511
1511
1516
1518
1522
1524
1530
1530
1531
1538
1542
1549
1552
1554
1560
1562
1563
1569
1569
1572
1576
1586
1586
1589
1598
1601
1603
1604
1610
1611
1627
1631
1641
1643
1644
1645
1652
1654
1654
1661
1661
1662
1667
1667
1669
1669
1674
1678
1679
1681
1686
1687
1687
1691
1691
1692
1694
1698
1699
1702
1703
1715
1720
1728
1729
1737
1739
1744
1746
1748
1750
1750
1759
1762
1767
1769
1771
1771
1772
1773
1775
1775
1777
1778
1780
1787
1805
1806
1807
1812
1813
1818
1824
1830
1831
1831
1832
1834
1838
1840
1841
1847
1848
1848
1856
1860
1864
1870
1872
1876
1886
1890
1892
1893
1895
1895
1899
1899
1900
1905
1907
1914
1915
1917
1948
1959
1959
1961
1963
1970
1972
1979
1986
1989
1994
1996
1996
1999
2000
2001
2003
2007
2010
2016
2029
2031
2032
2035
2042
2046
2049
2049
2050
2054
2058
2062
2062
2062
2065
2084
2087
2090
2097
2107
2107
2112
2113
2114
2114
2118
2118
2128
2132
2132
2133
2134
2135
2136
2144
2144
2146
2148
2148
2151
2154
2161
2163
2166
2167
2168
2168
2181
2182
2195
2198
2199
2206
2207
2209
2209
2210
2211
2212
2217
2221
2221
2224
2224
2229
2232
2237
2238
2239
2244
2246
2250
2257
2259
2275
2275
2277
2278
2281
2282
2284
2288
2290
2290
2296
2298
2301
2313
2314
2315
2315
2316
2317
2318
2319
2319
2324
2326
2327
2331
2336
2342
2346
2351
2353
2358
2360
2374
2378
2383
2384
2394
2398
2401
2406
2407
2413
2415
2417
2417
2422
2422
2428
2429
2433
2434
2435
2436
2437
2438
2439
2442
2443
2451
2456
2459
2466
2468
2469
2470
2479
2481
2486
2489
2491
2495
2497
2498
2512
2514
2516
2517
2522
2524
2528
2532
2534
2536
2536
2536
2538
2538
2543
2543
2548
2549
2550
2555
2557
2563
2569
2573
2577
2586
2591
2593
2593
2593
2594
2596
2596
2597
2601
2604
2611
2613
2618
2619
2628
2631
2632
2636
2640
2644
2649
2654
2654
2657
2660
2664
2667
2668
2669
2671
2676
2679
2681
2684
2684
2688
2688
2689
2690
2692
2698
2698
2705
2705
2708
2709
2709
2710
2711
2711
2716
2720
2724
2739
2744
2745
2750
2752
2755
2755
2766
2767
2771
2776
2776
2780
2782
2784
2791
2791
2792
2793
2798
2807
2808
2823
2824
2825
2828
2831
2833
2833
2837
2838
2839
2847
2849
2849
2850
2851
2853
2853
2861
2864
2865
2879
2885
2892
2896
2899
2903
2918
2918
2919
2920
2922
2922
2927
2929
2930
2933
2935
2944
2952
2953
2954
2954
2958
2965
2966
2967
2968
2973
2973
2974
2975
2975
2976
2976
2979
2979
2981
2982
2984
2988
2990
2993
2995
2996
2996
3002
3009
3010
3011
3012
3016
3020
3021
3025
3025
3032
3038
3046
3048
3052
3065
3070
3077
3079
3090
3091
3092
3093
3094
3096
3100
3103
3104
3108
3110
3110
3110
3111
3118
3119
3126
3130
3131
3132
3139
3145
3145
3147
3155
3155
3155
3159
3160
3167
3168
3176
3178
3179
3179
3181
3199
3213
3214
3215
3219
3220
3226
3227
3230
3234
3237
3239
3244
3244
3245
3245
3247
3247
3251
3256
3258
3261
3264
3265
3266
3271
3279
3286
3286
3288
3295
3301
3307
3307
3308
3316
3316
3320
3320
3327
3328
3330
3332
3332
3332
3333
3334
3334
3334
3335
3336
3338
3341
3341
3342
3344
3345
3349
3357
3358
3365
3366
3372
3378
3378
3380
3380
3385
3389
3392
3393
3395
3395
3404
3409
3409
3419
3422
3422
3425
3427
3428
3430
3433
3435
3441
3442
3449
3450
3451
3451
3451
3458
3460
3465
3472
3476
3476
3478
3481
3482
3483
3483
3486
3487
3487
3495
3499
3500
3502
3504
3505
3509
3511
3523
3533
3534
3534
3535
3535
3537
3537
3540
3541
3554
3555
3556
3561
3564
3566
3568
3571
3572
3577
3596
3598
3603
3607
3608
3612
3617
3618
3620
3621
3625
3626
3628
3629
3632
3634
3634
3637
3642
3650
3650
3652
3656
3657
3657
3659
3660
3663
3664
3668
3687
3687
3691
3691
3695
3699
3701
3703
3705
3708
3711
3715
3717
3717
3718
3720
3722
3727
3727
3727
3735
3736
3739
3743
3744
3745
3749
3753
3755
3758
3759
3766
3767
3768
3774
3775
3783
3784
3787
3788
3806
3816
3818
3820
3825
3827
3830
3840
3842
3845
3845
3846
3848
3850
3854
3857
3857
3864
3873
3874
3885
3894
3897
3899
3899
3901
3905
3907
3926
3937
3942
3946
3950
3955
3962
3963
3967
3969
3970
3975
3979
3981
3986
3988
3988
3990
3991
3993
3996
3996
3996
3998
3999
4002
4002
4004
4004
4008
4009
4011
4015
4016
4017
4018
4018
4021
4034
4037
4038
4038
4041
4045
4050
4051
4057
4061
4062
4069
4069
4071
4076
4082
4083
4084
4089
4095
4100
4107
4112
4115
4121
4121
4121
4125
4125
4129
4132
4132
4133
4135
4143
4143
4145
4148
4151
4151
4161
4162
4168
4169
4169
4175
4181
4188
4191
4195
4199
4202
4202
4204
4207
4209
4211
4213
4215
4221
4228
4231
4238
4244
4249
4256
4261
4262
4264
4265
4268
4269
4271
4273
4288
4288
4290
4292
4294
4295
4296
4300
4303
4303
4305
4308
4314
4314
4319
4327
4328
4333
4335
4335
4341
4344
4344
4348
4354
4358
4361
4367
4370
4372
4375
4376
4381
4382
4386
4386
4391
4391
4392
4397
4402
4403
4411
4412
4413
4419
4420
4423
4424
4425
4428
4429
4432
4434
4437
4441
4443
4450
4454
4454
4455
4455
4456
4457
4459
4460
4471
4474
4475
4476
4479
4488
4505
4517
4520
4520
4529
4531
4533
4534
4535
4535
4536
4536
4539
4540
4544
4548
4548
4550
4559
4569
4569
4582
4586
4587
4590
4592
4595
4597
4601
4607
4609
4610
4611
4613
4614
4616
4619
4619
4628
4634
4638
4638
4654
4658
4659
4659
4661
4663
4667
4668
4671
4681
4686
4689
4689
4691
4692
4697
4705
4715
4716
4717
4720
4723
4728
4733
4733
4735
4741
4742
4742
4744
4747
4748
4748
4757
4757
4757
4759
4762
4772
4774
4777
4782
4783
4785
4788
4798
4801
4805
4805
4810
4811
4813
4815
4815
4818
4818
4837
4841
4842
4845
4846
4848
4857
4858
4859
4860
4861
4864
4868
4873
4876
4878
4880
4881
4888
4890
4893
4895
4896
4899
4903
4904
4905
4908
4917
4919
4920
4928
4929
4935
4938
4940
4943
4945
4946
4946
4948
4948
4957
4959
4960
4966
4970
4971
4973
4982
4985
4992
4995
4998
5000
5001
5002
5010
5013
5013
5020
5020
5025
5026
5027
5028
5032
5033
5034
5036
5036
5036
5041
5041
5045
5046
5051
5057
5060
5062
5068
5071
5071
5072
5082
5087
5088
5095
5095
5095
5096
5099
5101
5105
5108
5112
5114
5121
5123
5125
5126
5127
5129
5136
5140
5142
5143
5146
5153
5154
5158
5163
5164
5165
5165
5166
5167
5168
5180
5184
5196
5197
5205
5212
5213
5217
5217
5229
5230
5231
5236
5240
5240
5245
5250
5256
5261
5267
5273
5275
5277
5278
5278
5280
5281
5282
5285
5296
5301
5303
5304
5305
5310
5312
5314
5314
5317
5319
5319
5329
5330
5336
5337
5343
5343
5347
5350
5351
5351
5352
5355
5355
5356
5358
5364
5368
5369
5370
5370
5375
5375
5380
5384
5389
5389
5392
5394
5395
5399
5415
5422
5425
5425
5427
5430
5432
5434
5441
5442
5445
5445
5446
5452
5457
5458
5460
5463
5467
5474
5475
5475
5475
5479
5479
5480
5483
5492
5493
5495
5495
5497
5498
5499
5504
5512
5518
5518
5518
5521
5524
5535
5538
5539
5539
5543
5550
5554
5557
5565
5565
5566
5569
5573
5581
5593
5604
5605
5607
5611
5612
5614
5617
5621
5626
5627
5631
5634
5643
5646
5647
5654
5657
5662
5671
5674
5675
5679
5680
5687
5692
5701
5706
5713
5714
5719
5724
5727
5729
5729
5730
5732
5732
5736
5741
5743
5744
5746
5750
5753
5757
5757
5757
5769
5770
5777
5777
5779
5780
5781
5783
5785
5801
5804
5804
5814
5821
5821
5822
5822
5822
5829
5832
5833
5838
5843
5851
5854
5855
5860
5865
5871
5873
5878
5887
5890
5893
5893
5893
5897
5909
5910
5911
5915
5918
5919
5919
5921
5922
5927
5929
5930
5932
5935
5937
5941
5941
5942
5945
5948
5954
5958
5959
5960
5964
5966
5974
5974
5976
5977
5982
5992
5995
5996
5998
6002
6006
6006
6009
6010
6010
6011
6016
6016
6017
6020
6026
6036
6041
6041
6042
6045
6046
6046
6058
6060
6065
6068
6070
6071
6072
6077
6088
6089
6091
6093
6096
6098
6102
6112
6113
6115
6119
6119
6120
6120
6123
6131
6131
6133
6137
6140
6142
6143
6146
6148
6149
6157
6160
6164
6168
6169
6174
6184
6191
6194
6197
6204
6212
6218
6223
6224
6228
6239
6241
6241
6245
6245
6251
6252
6261
6263
6265
6270
6285
6286
6291
6293
6295
6299
6301
6303
6305
6305
6306
6310
6320
6325
6328
6332
6333
6334
6343
6344
6346
6350
6351
6351
6354
6356
6356
6360
6363
6367
6368
6368
6374
6374
6377
6377
6382
6382
6382
6383
6389
6389
6392
6395
6404
6407
6412
6414
6416
6418
6418
6420
6423
6424
6425
6436
6439
6442
6444
6447
6448
6455
6464
6464
6467
6467
6469
6473
6475
6477
6478
6479
6480
6488
6490
6496
6501
6503
6511
6511
6513
6514
6518
6520
6522
6525
6530
6532
6533
6534
6537
6544
6545
6545
6553
6553
6554
6558
6560
6560
6567
6570
6570
6574
6575
6580
6582
6588
6589
6591
6593
6594
6594
6597
6599
6601
6610
6611
6611
6611
6615
6621
6625
6627
6630
6640
6644
6647
6647
6649
6653
6653
6653
6655
6657
6659
6661
6661
6669
6670
6673
6674
6679
6679
6680
6687
6688
6693
6697
6698
6700
6703
6710
6714
6716
6717
6718
6721
6723
6738
6743
6744
6744
6747
6748
6748
6749
6753
6758
6759
6760
6761
6768
6768
6770
6770
6772
6778
6779
6781
6788
6789
6790
6798
6801
6813
6822
6823
6826
6829
6830
6833
6835
6843
6851
6856
6863
6871
6873
6875
6877
6887
6897
6900
6913
6920
6921
6924
6924
6935
6937
6942
6944
6947
6950
6951
6952
6956
6957
6959
6962
6965
6970
6971
6976
6980
6988
6990
6990
6993
6997
6998
6999
7000
7005
7012
7014
7015
7029
7029
7029
7032
7034
7034
7036
7043
7053
7054
7056
7057
7059
7060
7063
7064
7065
7067
7067
7067
7071
7077
7077
7079
7079
7081
7081
7084
7084
7085
7089
7100
7109
7113
7120
7121
7125
7130
7142
7144
7145
7148
7149
7156
7160
7167
7173
7174
7183
7184
7188
7193
7193
7195
7199
7199
7203
7206
7206
7208
7211
7213
7213
7215
7220
7226
7226
7230
7232
7242
7253
7253
7255
7255
7256
7258
7263
7265
7267
7274
7275
7275
7281
7282
7283
7284
7285
7292
7295
7296
7301
7306
7308
7310
7316
7329
7331
7336
7342
7351
7352
7352
7358
7361
7364
7366
7376
7376
7379
7382
7388
7389
7392
7398
7402
7405
7405
7412
7412
7417
7422
7425
7425
7428
7430
7431
7433
7436
7437
7443
7446
7446
7447
7448
7452
7454
7458
7459
7471
7472
7474
7483
7490
7493
7495
7496
7499
7500
7503
7504
7505
7508
7508
7511
7511
7512
7517
7519
7522
7523
7524
7530
7532
7532
7534
7536
7539
7542
7544
7547
7550
7552
7552
7556
7560
7561
7562
7567
7567
7568
7570
7572
7580
7593
7598
7600
7609
7610
7612
7615
7621
7621
7621
7623
7624
7628
7638
7640
7643
7647
7647
7659
7663
7670
7679
7680
7683
7699
7699
7701
7706
7707
7711
7716
7718
7719
7732
7733
7733
7737
7740
7745
7746
7746
7747
7751
7751
7753
7754
7759
7766
7770
7771
7774
7780
7782
7785
7786
7792
7801
7805
7812
7817
7823
7824
7830
7830
7834
7838
7841
7847
7853
7857
7857
7859
7886
7895
7896
7896
7901
7905
7907
7912
7924
7926
7927
7927
7928
7938
7943
7954
7955
7967
7969
7976
7985
7987
7988
7989
7993
7993
7997
8000
8004
8005
8010
8011
8011
8014
8020
8021
8023
8038
8040
8043
8044
8048
8054
8056
8057
8060
8064
8066
8067
8072
8079
8080
8080
8082
8083
8089
8090
8094
8097
8097
8098
8098
8102
8104
8120
8124
8129
8130
8132
8136
8136
8137
8140
8148
8149
8150
8150
8152
8154
8154
8156
8157
8160
8162
8169
8170
8174
8180
8187
8190
8199
8201
8201
8203
8207
8207
8209
8210
8223
8224
8230
8234
8238
8240
8242
8246
8253
8253
8255
8256
8257
8261
8262
8272
8279
8280
8282
8290
8291
8291
8291
8292
8293
8293
8294
8294
8297
8299
8308
8312
8319
8325
8328
8330
8331
8345
8348
8349
8352
8353
8354
8356
8358
8363
8369
8373
8378
8378
8378
8381
8382
8382
8383
8386
8391
8395
8396
8404
8405
8408
8409
8410
8416
8417
8423
8425
8429
8432
8437
8437
8438
8439
8445
8448
8451
8453
8459
8462
8472
8473
8476
8477
8479
8484
8487
8491
8492
8495
8499
8499
8499
8502
8503
8505
8505
8508
8509
8510
8514
8514
8515
8520
8520
8531
8532
8536
8541
8548
8559
8564
8569
8573
8576
8577
8580
8581
8582
8584
8586
8590
8592
8596
8602
8602
8603
8604
8604
8607
8609
8612
8617
8618
8622
8626
8637
8641
8642
8646
8648
8648
8649
8650
8655
8659
8659
8660
8660
8667
8669
8677
8678
8687
8690
8691
8693
8695
8697
8704
8706
8707
8711
8713
8720
8721
8721
8723
8725
8728
8729
8729
8729
8732
8734
8734
8734
8735
8735
8737
8737
8740
8748
8750
8751
8753
8755
8758
8766
8766
8768
8770
8780
8780
8781
8783
8786
8789
8790
8798
8799
8803
8811
8812
8813
8814
8816
8821
8823
8825
8828
8828
8836
8838
8840
8840
8850
8853
8857
8863
8868
8868
8870
8872
8875
8875
8890
8898
8898
8907
8910
8917
8918
8919
8919
8920
8924
8925
8927
8928
8933
8937
8939
8947
8951
8953
8954
8958
8965
8967
8967
8967
8970
8971
8972
8977
8980
8981
8984
8985
8991
8991
8992
8992
8996
8997
8998
9000
9003
9004
9020
9022
9024
9032
9032
9034
9034
9034
9037
9059
9067
9069
9070
9074
9080
9081
9082
9090
9094
9095
9095
9098
9099
9100
9101
9102
9103
9103
9110
9118
9118
9123
9126
9128
9133
9138
9138
9142
9150
9152
9154
9154
9156
9157
9157
9161
9166
9168
9170
9178
9184
9187
9187
9188
9193
9195
9197
9199
9199
9204
9217
9220
9231
9231
9235
9235
9236
9239
9242
9243
9245
9252
9256
9257
9257
9268
9268
9283
9292
9295
9298
9300
9300
9301
9304
9305
9305
9308
9312
9320
9326
9327
9328
9330
9331
9342
9343
9344
9352
9357
9361
9362
9378
9379
9391
9396
9396
9398
9405
9405
9406
9411
9412
9414
9414
9415
9417
9419
9422
9427
9430
9433
9436
9441
9443
9443
9448
9455
9462
9463
9463
9463
9464
9465
9467
9467
9468
9468
9472
9475
9475
9477
9478
9485
9486
9486
9490
9499
9499
9501
9502
9503
9504
9506
9507
9508
9509
9513
9516
9529
9529
9540
9541
9543
9543
9547
9549
9550
9551
9553
9554
9556
9559
9560
9562
9569
9571
9572
9577
9578
9581
9583
9584
9585
9585
9586
9587
9588
9592
9597
9600
9603
9605
9609
9621
9622
9625
9627
9629
9635
9641
9643
9644
9644
9645
9650
9652
9653
9661
9670
9672
9674
9674
9677
9689
9691
9697
9699
9701
9702
9706
9707
9708
9710
9712
9712
9720
9720
9722
9723
9727
9729
9729
9732
9737
9737
9740
9741
9744
9744
9745
9749
9750
9751
9751
9752
9755
9760
9760
9761
9767
9769
9771
9775
9775
9776
9776
9777
9779
9780
9783
9785
9788
9788
9794
9795
9800
9803
9805
9812
9817
9823
9825
9825
9827
9829
9845
9846
9847
9850
9853
9856
9856
9858
9860
9866
9869
9870
9871
9876
9877
9879
9886
9886
9889
9891
9893
9898
9899
9904
9910
9912
9917
9918
9919
9934
9936
9940
9948
9955
9961
9963
9964
9968
9968
9970
9972
9973
9973
9975
9975
9976
9977
9979
9980
9980
9981
9984
9986
9986
9987
9988
9990
10001
10007
10015
10019
10020
10023
10033
10034
10037
10038
10042
10046
10049
10057
10061
10066
10070
10078
10079
10080
10081
10083
10087
10098
10103
10106
10111
10112
10113
10115
10117
10117
10118
10119
10120
10123
10126
10130
10130
10130
10138
10142
10145
10146
10147
10149
10152
10155
10155
10157
10157
10164
10166
10170
10171
10174
10179
10185
10188
10190
10191
10193
10200
10207
10209
10212
10213
10214
10217
10220
10220
10231
10239
10248
10248
10251
10256
10259
10259
10262
10264
10265
10267
10267
10267
10269
10273
10279
10281
10283
10283
10286
10288
10294
10299
10300
10300
10315
10318
10322
10334
10341
10348
10349
10351
10351
10353
10354
10358
10365
10366
10369
10370
10373
10374
10376
10378
10380
10381
10381
10390
10391
10398
10398
10400
10404
10405
10407
10410
10414
10417
10432
10449
10461
10462
10481
10485
10485
10485
10488
10488
10494
10496
10502
10505
10509
10509
10511
10518
10522
10523
10527
10531
10531
10534
10536
10540
10543
10546
10547
10551
10551
10551
10551
10554
10561
10561
10566
10576
10590
10591
10595
10598
10606
10608
10610
10610
10610
10610
10612
10618
10619
10624
10624
10626
10631
10636
10643
10645
10652
10659
10660
10666
10670
10675
10684
10690
10700
10702
10707
10709
10713
10719
10730
10731
10737
10746
10753
10754
10765
10766
10768
10771
10772
10774
10775
10776
10782
10783
10784
10786
10787
10789
10791
10791
10793
10799
10799
10801
10806
10811
10813
10814
10821
10822
10825
10825
10826
10827
10830
10833
10835
10839
10839
10841
10848
10851
10852
10853
10860
10863
10866
10872
10879
10885
10898
10900
10904
10907
10909
10910
10916
10919
10919
10921
10925
10943
10951
10952
10953
10953
10957
10965
10967
10977
10977
10987
10990
10992
10993
10995
10997
11002
11004
11015
11016
11017
11019
11019
11030
11034
11037
11037
11048
11050
11050
11054
11055
11056
11060
11061
11064
11069
11073
11076
11077
11078
11080
11082
11083
11086
11087
11092
11100
11106
11106
11108
11109
11112
11118
11121
11121
11123
11124
11132
11132
11133
11144
11148
11148
11151
11152
11155
11160
11167
11170
11170
11171
11176
11176
11177
11178
11184
11187
11190
11191
11191
11193
11193
11194
11195
11200
11201
11202
11202
11203
11206
11207
11211
11212
11214
11218
11222
11222
11223
11224
11227
11228
11247
11250
11250
11251
11262
11264
11264
11267
11271
11274
11276
11280
11298
11302
11310
11310
11312
11312
11313
11321
11331
11334
11338
11339
11339
11342
11345
11347
11348
11348
11350
11354
11356
11363
11370
11379
11380
11380
11380
11382
11393
11395
11397
11402
11403
11403
11409
11409
11412
11413
11413
11415
11416
11421
11426
11429
11429
11433
11433
11438
11439
11441
11442
11444
11445
11446
11448
11449
11452
11456
11460
11469
11470
11471
11479
11480
11483
11483
11494
11502
11503
11511
11518
11519
11520
11520
11520
11521
11525
11527
11529
11529
11531
11534
11537
11537
11544
11546
11549
11551
11556
11566
11566
11568
11570
11571
11574
11575
11575
11579
11580
11581
11581
11584
11591
11599
11600
11600
11604
11605
11611
11613
11616
11616
11617
11619
11621
11623
11627
11628
11628
11629
11630
11641
11651
11652
11653
11658
11659
11665
11667
11671
11678
11679
11683
11685
11688
11689
11694
11696
11697
11703
11710
11712
11713
11716
11727
11728
11729
11730
11732
11734
11747
11748
11751
11758
11758
11760
11763
11763
11766
11770
11777
11777
11778
11778
11780
11780
11781
11782
11787
11794
11795
11802
11803
11809
11810
11810
11811
11816
11822
11823
11828
11832
11834
11835
11853
11861
11865
11865
11883
11886
11887
11887
11889
11895
11902
11902
11916
11917
11926
11926
11933
11938
11939
11942
11947
11947
11947
11950
11954
11965
11966
11967
11971
11976
11985
11987
11987
11990
11994
11997
12000
12002
12006
12016
12017
12020
12026
12038
12040
12045
12051
12052
12058
12058
12064
12068
12071
12077
12078
12096
12097
12098
12100
12104
12112
12114
12115
12116
12126
12135
12146
12146
12147
12150
12152
12158
12163
12172
12176
12177
12179
12182
12185
12189
12190
12192
12195
12195
12203
12216
12234
12235
12240
12240
12249
12251
12261
12267
12276
12278
12281
12284
12289
12289
12289
12292
12295
12301
12302
12304
12304
12306
12306
12308
12309
12312
12313
12318
12319
12323
12325
12332
12336
12338
12340
12340
12351
12353
12356
12361
12362
12363
12372
12378
12395
12396
12403
12405
12405
12417
12425
12426
12430
12436
12448
12451
12453
12457
12465
12468
12469
12471
12471
12472
12478
12480
12485
12485
12496
12499
12500
12501
12505
12506
12517
12519
12523
12529
12529
12530
12536
12543
12546
12548
12548
12558
12560
12568
12571
12573
12575
12575
12588
12592
12595
12597
12597
12598
12598
12600
12610
12612
12613
12625
12625
12626
12627
12631
12633
12634
12640
12643
12644
12645
12646
12646
12654
12667
12674
12675
12678
12681
12687
12697
12708
12708
12714
12722
12732
12734
12739
12744
12746
12746
12751
12760
12760
12761
12761
12764
12766
12773
12773
12779
12780
12780
12783
12787
12790
12796
12796
12798
12798
12799
12801
12806
12808
12809
12815
12819
12820
12823
12823
12826
12827
12827
12832
12833
12838
12854
12856
12856
12856
12856
12858
12864
12865
12871
12873
12875
12876
12883
12893
12898
12900
12909
12911
12916
12921
12924
12925
12925
12926
12935
12936
12942
12943
12950
12962
12964
12971
12975
12976
12977
12980
12981
12983
12991
12991
12993
12997
13001
13001
13001
13002
13004
13005
13012
13014
13018
13020
13021
13027
13033
13034
13040
13042
13045
13046
13047
13047
13049
13052
13054
13055
13059
13062
13062
13065
13068
13073
13078
13080
13082
13083
13088
13091
13096
13098
13101
13105
13106
13116
13131
13132
13134
13137
13140
13142
13144
13146
13146
13147
13148
13150
13152
13153
13158
13167
13167
13169
13170
13171
13184
13185
13190
13201
13202
13207
13213
13214
13218
13221
13233
13233
13235
13236
13237
13237
13240
13243
13245
13254
13254
13256
13257
13257
13265
13265
13265
13267
13268
13270
13271
13272
13280
13285
13292
13300
13302
13302
13304
13305
13305
13307
13308
13310
13313
13314
13316
13318
13320
13321
13322
13324
13329
13329
13332
13332
13335
13335
13347
13352
13354
13356
13357
13357
13359
13361
13363
13368
13368
13376
13380
13396
13403
13411
13412
13415
13416
13422
13425
13426
13428
13429
13442
13442
13445
13445
13447
13448
13449
13453
13455
13462
13468
13471
13473
13477
13484
13486
13498
13507
13507
13508
13513
13519
13519
13525
13525
13528
13536
13536
13539
13544
13546
13546
13549
13553
13554
13557
13560
13563
13564
13564
13571
13572
13574
13576
13582
13582
13587
13588
13588
13590
13597
13598
13603
13608
13609
13614
13614
13615
13615
13617
13618
13627
13628
13634
13635
13635
13641
13646
13646
13646
13652
13654
13654
13657
13658
13659
13667
13667
13668
13668
13668
13669
13672
13681
13683
13689
13691
13694
13696
13698
13700
13702
13703
13705
13706
13710
13717
13718
13723
13731
13733
13736
13737
13742
13742
13743
13745
13755
13756
13767
13775
13781
13781
13783
13783
13790
13792
13795
13796
13799
13803
13804
13806
13809
13809
13812
13816
13820
13824
13825
13825
13826
13826
13830
13831
13832
13834
13840
13840
13841
13848
13850
13853
13854
13872
13877
13887
13896
13899
13905
13908
13910
13917
13918
13919
13924
13925
13931
13934
13934
13934
13936
13939
13940
13941
13944
13950
13951
13951
13952
13953
13955
13969
13971
13977
13985
13985
13986
13986
13990
13992
14001
14004
14006
14007
14008
14009
14010
14011
14012
14015
14018
14026
14027
14031
14043
14044
14044
14048
14051
14056
14060
14061
14063
14063
14064
14066
14066
14066
14077
14078
14081
14085
14086
14087
14087
14091
14097
14102
14103
14104
14105
14109
14109
14110
14113
14115
14118
14133
14134
14137
14139
14143
14145
14145
14148
14151
14154
14156
14158
14161
14169
14172
14174
14175
14175
14176
14176
14180
14181
14183
14190
14190
14192
14200
14201
14206
14211
14223
14224
14229
14230
14230
14233
14233
14234
14236
14244
14245
14245
14249
14256
14257
14268
14277
14277
14281
14283
14287
14293
14296
14296
14296
14298
14299
14300
14302
14309
14311
14314
14317
14317
14320
14321
14331
14332
14335
14347
14351
14355
14358
14361
14374
14376
14379
14381
14388
14395
14400
14403
14404
14404
14407
14408
14413
14418
14422
14424
14424
14428
14431
14432
14436
14437
14440
14444
14447
14448
14452
14461
14464
14464
14467
14476
14478
14478
14479
14482
14482
14492
14494
14497
14499
14499
14503
14505
14507
14515
14520
14522
14523
14524
14527
14528
14535
14539
14539
14541
14542
14547
14551
14553
14553
14553
14555
14556
14557
14561
14568
14574
14575
14578
14582
14590
14591
14592
14597
14597
14601
14603
14612
14612
14612
14614
14616
14620
14624
14627
14637
14639
14643
14654
14655
14661
14664
14665
14674
14681
14684
14688
14690
14691
14694
14698
14701
14705
14707
14707
14707
14711
14711
14712
14716
14716
14717
14721
14721
14723
14723
14724
14724
14730
14732
14735
14736
14741
14743
14744
14745
14745
14745
14746
14753
14758
14764
14773
14780
14787
14793
14802
14809
14811
14817
14817
14817
14819
14823
14824
14825
14835
14839
14840
14842
14842
14845
14847
14849
14854
14856
14858
14860
14861
14863
14866
14868
14870
14871
14872
14872
14873
14876
14878
14884
14886
14887
14888
14894
14901
14909
14910
14921
14922
14933
14937
14940
14940
14941
14941
14943
14948
14950
14950
14954
14963
14964
14966
14967
14967
14973
14976
14976
14976
14979
14980
14983
14991
14991
14993
14994
14997
14999
15003
15004
15012
15015
15020
15020
15023
15024
15032
15032
15039
15050
15051
15053
15057
15057
15058
15061
15061
15061
15062
15062
15066
15068
15072
15073
15081
15082
15085
15086
15089
15091
15102
15102
15104
15110
15111
15113
15121
15127
15150
15156
15157
15159
15160
15161
15165
15165
15165
15174
15180
15183
15183
15183
15188
15192
15193
15202
15204
15206
15214
15215
15217
15218
15222
15223
15224
15227
15231
15233
15237
15240
15241
15243
15245
15252
15258
15258
15259
15266
15269
15271
15271
15276
15277
15281
15299
15302
15304
15310
15312
15316
15322
15323
15325
15329
15334
15339
15341
15343
15344
15346
15349
15351
15354
15359
15362
15364
15364
15365
15367
15368
15368
15370
15374
15379
15380
15384
15386
15391
15391
15391
15396
15396
15397
15399
15401
15407
15407
15409
15418
15419
15420
15423
15424
15426
15442
15444
15445
15452
15462
15462
15478
15480
15484
15485
15486
15486
15490
15503
15504
15504
15506
15506
15508
15508
15509
15509
15514
15516
15519
15521
15522
15524
15527
15533
15541
15543
15544
15547
15549
15553
15555
15557
15561
15564
15567
15567
15570
15572
15575
15577
15581
15582
15582
15584
15585
15587
15589
15590
15599
15600
15600
15608
15609
15610
15613
15617
15619
15624
15624
15624
15626
15631
15631
15639
15641
15641
15647
15652
15656
15664
15665
15668
15669
15672
15679
15681
15688
15688
15689
15689
15690
15699
15704
15706
15710
15716
15718
15721
15727
15728
15729
15730
15730
15730
15734
15736
15741
15743
15753
15756
15756
15756
15759
15760
15761
15773
15779
15786
15790
15793
15794
15796
15796
15802
15803
15812
15814
15828
15832
15833
15833
15842
15853
15855
15858
15859
15861
15866
15866
15867
15869
15871
15874
15874
15875
15877
15877
15882
15896
15906
15907
15912
15913
15915
15916
15917
15919
15931
15932
15940
15941
15941
15942
15948
15950
15956
15958
15960
15961
15968
15971
15971
15973
15973
15981
15981
15984
15985
15986
15990
16005
16005
16010
16014
16019
16019
16025
16027
16036
16036
16037
16044
16046
16051
16052
16052
16055
16065
16066
16067
16071
16075
16075
16080
16084
16090
16092
16095
16095
16099
16099
16103
16104
16104
16105
16107
16109
16115
16116
16124
16125
16129
16131
16131
16133
16138
16145
16152
16155
16155
16156
16159
16165
16166
16170
16171
16178
16180
16183
16188
16191
16192
16196
16196
16197
16199
16199
16214
16216
16216
16225
16235
16237
16237
16249
16260
16263
16273
16274
16274
16276
16278
16279
16280
16282
16284
16288
16289
16289
16299
16302
16303
16305
16312
16315
16317
16320
16324
16333
16335
16338
16343
16347
16357
16358
16361
16363
16366
16375
16381
16384
16389
16391
16395
16409
16415
16417
16421
16424
16425
16429
16429
16436
16446
16447
16452
16452
16453
16453
16453
16457
16459
16459
16460
16465
16465
16467
16468
16468
16470
16471
16472
16473
16475
16478
16489
16491
16496
16498
16500
16501
16502
16504
16507
16515
16516
16519
16521
16523
16530
16532
16534
16537
16538
16559
16561
16561
16562
16564
16565
16567
16569
16571
16572
16577
16577
16578
16579
16585
16586
16587
16588
16589
16590
16598
16599
16605
16607
16613
16616
16624
16628
16629
16631
16638
16644
16647
16651
16651
16655
16661
16662
16668
16670
16684
16693
16696
16697
16702
16705
16707
16711
16714
16715
16717
16726
16726
16729
16731
16736
16738
16738
16740
16749
16752
16753
16756
16756
16758
16758
16763
16768
16772
16773
16781
16789
16794
16795
16797
16798
16798
16800
16803
16810
16810
16811
16815
16816
16819
16820
16822
16822
16822
16834
16841
16841
16854
16856
16859
16859
16862
16863
16864
16865
16866
16869
16876
16876
16876
16879
16880
16880
16881
16883
16886
16889
16890
16892
16893
16894
16895
16896
16901
16904
16908
16914
16914
16923
16924
16924
16926
16933
16934
16944
16945
16945
16951
16953
16954
16958
16965
16966
16966
16969
16974
16977
16978
16980
16982
16985
16988
16993
16995
16995
16999
16999
17009
17009
17016
17016
17027
17030
17030
17034
17046
17048
17048
17051
17053
17060
17076
17077
17077
17081
17087
17090
17090
17091
17097
17098
17102
17117
17120
17125
17133
17134
17139
17142
17144
17146
17151
17152
17153
17155
17157
17158
17164
17165
17167
17175
17175
17177
17182
17183
17184
17186
17187
17190
17191
17192
17196
17198
17198
17201
17205
17205
17209
17215
17228
17229
17230
17231
17232
17232
17232
17235
17239
17241
17241
17249
17255
17265
17266
17268
17269
17271
17274
17275
17277
17286
17290
17290
17293
17293
17297
17304
17306
17307
17310
17332
17333
17335
17337
17342
17345
17346
17347
17349
17355
17356
17360
17360
17362
17362
17368
17370
17372
17379
17380
17382
17388
17389
17390
17392
17394
17402
17404
17412
17416
17419
17420
17422
17423
17424
17425
17426
17430
17430
17431
17431
17435
17438
17445
17450
17451
17451
17454
17462
17463
17467
17470
17475
17480
17480
17483
17484
17486
17491
17498
17499
17505
17510
17511
17516
17520
17523
17524
17531
17535
17540
17546
17547
17549
17552
17554
17561
17561
17562
17564
17571
17577
17577
17581
17597
17609
17609
17610
17613
17615
17621
17632
17633
17636
17645
17646
17647
17647
17649
17650
17658
17659
17664
17664
17667
17673
17678
17679
17682
17683
17684
17691
17692
17693
17694
17694
17695
17696
17698
17704
17705
17713
17717
17719
17723
17727
17730
17732
17732
17737
17740
17740
17741
17741
17743
17744
17746
17748
17754
17757
17759
17762
17764
17767
17770
17774
17774
17776
17790
17790
17794
17796
17798
17804
17808
17810
17811
17814
17817
17822
17822
17824
17835
17838
17841
17857
17862
17870
17874
17880
17882
17893
17893
17902
17905
17905
17908
17912
17914
17919
17921
17924
17936
17938
17938
17941
17945
17946
17947
17950
17952
17952
17954
17968
17972
17974
17986
17991
17992
17992
17995
17998
18000
18005
18008
18009
18013
18013
18020
18026
18032
18051
18060
18068
18076
18081
18088
18096
18097
18105
18109
18113
18113
18120
18120
18122
18125
18127
18128
18135
18148
18149
18150
18150
18159
18159
18160
18161
18162
18163
18164
18164
18165
18171
18177
18183
18186
18187
18188
18198
18204
18208
18210
18214
18215
18216
18219
18221
18224
18226
18230
18234
18235
18237
18240
18243
18244
18248
18249
18249
18249
18250
18255
18258
18261
18261
18262
18264
18265
18266
18270
18274
18275
18282
18288
18288
18294
18296
18309
18309
18314
18316
18317
18317
18319
18321
18322
18327
18328
18329
18330
18339
18342
18348
18352
18361
18376
18380
18380
18383
18385
18389
18394
18415
18416
18417
18417
18420
18428
18429
18432
18436
18444
18445
18447
18447
18448
18450
18450
18452
18454
18455
18458
18458
18459
18461
18462
18465
18467
18469
18470
18473
18474
18484
18488
18496
18497
18511
18515
18517
18521
18523
18527
18530
18532
18533
18534
18536
18538
18541
18558
18560
18560
18562
18565
18571
18577
18578
18579
18585
18588
18591
18591
18595
18603
18605
18606
18608
18610
18612
18616
18619
18620
18633
18638
18639
18641
18647
18647
18649
18652
18659
18663
18668
18671
18671
18673
18675
18682
18689
18691
18691
18700
18709
18715
18716
18724
18727
18732
18734
18735
18736
18737
18739
18739
18742
18743
18744
18748
18751
18755
18756
18761
18761
18763
18772
18772
18774
18794
18801
18805
18807
18808
18815
18816
18817
18823
18823
18826
18829
18843
18846
18846
18849
18849
18850
18854
18856
18858
18863
18867
18868
18871
18878
18879
18882
18884
18890
18897
18905
18907
18908
18913
18918
18921
18932
18940
18940
18941
18943
18944
18945
18950
18950
18951
18957
18960
18962
18972
18973
18978
18984
18987
18991
18998
19000
19001
19006
19007
19009
19017
19028
19050
19052
19055
19056
19057
19057
19071
19073
19080
19084
19097
19097
19104
19105
19107
19118
19120
19126
19128
19130
19135
19137
19145
19151
19156
19160
19163
19166
19167
19172
19177
19179
19180
19183
19184
19184
19185
19188
19191
19192
19196
19200
19201
19208
19213
19215
19218
19221
19222
19224
19225
19226
19228
19232
19235
19254
19259
19261
19269
19270
19274
19280
19285
19302
19303
19306
19307
19308
19310
19311
19312
19314
19322
19332
19333
19343
19350
19351
19353
19355
19357
19358
19359
19364
19380
19383
19383
19386
19391
19395
19399
19399
19400
19402
19406
19406
19412
19412
19415
19416
19418
19419
19433
19433
19433
19436
19442
19445
19449
19452
19453
19455
19458
19459
19465
19469
19470
19472
19472
19476
19476
19480
19480
19485
19486
19487
19489
19492
19504
19511
19513
19516
19520
19522
19531
19538
19541
19542
19543
19545
19546
19555
19555
19561
19581
19583
19584
19590
19592
19605
19608
19614
19617
19620
19623
19624
19632
19632
19632
19634
19651
19652
19658
19669
19671
19678
19680
19683
19683
19683
19685
19690
19695
19703
19712
19714
19714
19722
19725
19732
19732
19733
19737
19746
19747
19754
19758
19758
19760
19763
19764
19764
19769
19772
19774
19782
19784
19784
19785
19791
19792
19792
19793
19793
19799
19804
19815
19816
19823
19826
19829
19829
19833
19836
19842
19843
19854
19854
19857
19860
19870
19871
19875
19879
19879
19879
19880
19883
19893
19894
19900
19902
19907
19911
19913
19915
19919
19920
19925
19931
19934
19935
19935
19937
19937
19942
19945
19947
19951
19952
19957
19964
19967
19968
19975
19975
19976
19978
19979
19980
19981
19982
19987
19988
19989
19989
19991
19994
19995
19996
20001
20005
20007
20008
20009
20009
20013
20014
20017
20018
20024
20027
20032
20035
20036
20041
20048
20048
20050
20050
20052
20055
20063
20063
20063
20065
20065
20072
20077
20083
20084
20086
20088
20091
20095
20097
20097
20099
20103
20103
20104
20109
20110
20119
20119
20120
20127
20128
20130
20130
20132
20138
20146
20153
20162
20165
20170
20172
20172
20177
20177
20179
20180
20183
20184
20189
20189
20194
20194
20195
20198
20204
20205
20205
20208
20210
20211
20215
20220
20223
20225
20233
20239
20239
20254
20266
20267
20268
20274
20280
20280
20284
20286
20298
20299
20301
20304
20309
20310
20324
20329
20332
20333
20342
20347
20347
20355
20355
20359
20371
20375
20380
20381
20388
20388
20396
20397
20398
20411
20418
20424
20429
20430
20432
20434
20435
20444
20445
20447
20449
20452
20462
20465
20469
20469
20482
20483
20486
20498
20500
20511
20519
20521
20524
20526
20531
20532
20532
20538
20538
20538
20539
20540
20540
20541
20542
20542
20550
20553
20555
20556
20559
20562
20567
20575
20581
20585
20587
20590
20594
20597
20599
20605
20606
20609
20609
20617
20619
20620
20620
20623
20628
20628
20631
20636
20639
20641
20644
20648
20650
20658
20663
20664
20668
20668
20672
20673
20677
20682
20682
20682
20688
20689
20689
20695
20695
20697
20701
20702
20704
20706
20708
20710
20717
20724
20725
20725
20744
20749
20750
20754
20756
20758
20767
20767
20768
20777
20778
20778
20781
20783
20790
20795
20796
20797
20807
20811
20812
20816
20819
20820
20823
20827
20827
20828
20832
20833
20838
20840
20841
20845
20853
20855
20863
20866
20875
20881
20887
20890
20891
20892
20896
20896
20899
20902
20903
20908
20909
20909
20911
20918
20919
20920
20925
20927
20928
20930
20932
20933
20936
20937
20942
20942
20943
20949
20949
20958
20959
20962
20969
20973
20974
20982
20989
21001
21004
21007
21008
21010
21014
21015
21016
21021
21025
21029
21030
21031
21032
21035
21039
21039
21042
21047
21055
21059
21062
21064
21066
21067
21070
21072
21073
21078
21078
21081
21087
21089
21090
21093
21097
21099
21108
21109
21109
21111
21120
21121
21123
21130
21131
21135
21136
21143
21147
21148
21163
21163
21165
21166
21170
21173
21178
21179
21183
21187
21190
21194
21197
21199
21200
21200
21201
21202
21205
21209
21211
21211
21211
21222
21223
21227
21230
21238
21242
21247
21250
21255
21258
21258
21259
21260
21270
21274
21280
21280
21281
21282
21284
21285
21287
21288
21288
21290
21290
21296
21297
21298
21301
21304
21306
21307
21308
21315
21318
21321
21323
21327
21331
21332
21333
21337
21339
21339
21339
21342
21346
21353
21360
21369
21373
21380
21382
21383
21383
21387
21390
21394
21396
21409
21409
21412
21415
21416
21421
21424
21425
21427
21429
21439
21443
21446
21449
21452
21453
21453
21453
21454
21455
21455
21456
21459
21462
21462
21463
21472
21473
21481
21482
21488
21488
21494
21500
21508
21512
21515
21518
21530
21532
21534
21540
21541
21545
21549
21552
21552
21553
21557
21562
21571
21573
21575
21579
21584
21593
21606
21606
21609
21609
21617
21618
21622
21623
21623
21627
21632
21634
21635
21650
21655
21656
21656
21658
21659
21662
21663
21666
21668
21668
21669
21671
21673
21674
21674
21675
21675
21677
21679
21680
21684
21684
21686
21687
21688
21689
21697
21697
21698
21705
21712
21718
21725
21732
21737
21739
21740
21745
21746
21748
21757
21759
21765
21773
21775
21780
21781
21786
21787
21790
21791
21792
21796
21796
21800
21801
21801
21810
21816
21817
21825
21827
21827
21832
21834
21842
21842
21844
21847
21849
21855
21855
21861
21861
21870
21874
21884
21885
21889
21890
21891
21892
21897
21898
21898
21899
21900
21902
21902
21907
21912
21913
21916
21919
21923
21926
21927
21929
21929
21931
21932
21934
21941
21945
21954
21959
21965
21965
21970
21971
21972
21977
21979
21981
21983
21987
21988
21988
21996
21997
21997
22000
22001
22003
22007
22009
22014
22015
22018
22018
22021
22021
22023
22028
22030
22031
22035
22040
22052
22054
22058
22059
22059
22062
22063
22078
22080
22082
22084
22085
22087
22087
22099
22102
22105
22111
22125
22125
22128
22129
22133
22134
22139
22140
22140
22145
22149
22152
22154
22155
22169
22177
22179
22183
22190
22197
22203
22208
22216
22218
22220
22220
22220
22221
22221
22249
22250
22263
22264
22266
22270
22272
22272
22275
22281
22282
22284
22287
22292
22294
22303
22304
22304
22305
22306
22309
22313
22318
22326
22327
22334
22336
22337
22338
22342
22343
22345
22348
22370
22370
22371
22372
22374
22386
22386
22397
22403
22405
22410
22412
22414
22419
22420
22427
22443
22448
22450
22459
22459
22461
22464
22467
22468
22469
22473
22479
22484
22485
22485
22488
22490
22490
22495
22498
22501
22506
22506
22509
22509
22514
22521
22523
22526
22529
22532
22533
22533
22534
22539
22541
22544
22544
22545
22546
22552
22553
22555
22556
22570
22574
22575
22576
22581
22583
22585
22588
22590
22595
22600
22611
22613
22614
22614
22617
22622
22626
22627
22628
22631
22632
22632
22633
22635
22638
22643
22643
22645
22650
22652
22663
22666
22668
22677
22678
22678
22683
22686
22687
22696
22701
22704
22707
22709
22711
22715
22716
22718
22719
22722
22723
22725
22726
22732
22745
22748
22748
22751
22754
22757
22760
22768
22772
22778
22782
22786
22797
22801
22803
22803
22804
22808
22808
22811
22815
22816
22816
22819
22824
22827
22827
22827
22827
22828
22830
22833
22833
22840
22843
22847
22848
22850
22852
22854
22859
22868
22872
22875
22876
22885
22887
22896
22912
22914
22914
22914
22916
22918
22919
22920
22920
22930
22937
22937
22940
22942
22942
22947
22948
22949
22950
22951
22953
22958
22961
22961
22962
22964
22965
22968
22968
22968
22975
22979
22984
22986
22988
22989
22989
22990
22992
23005
23013
23013
23013
23015
23029
23033
23034
23037
23038
23049
23056
23058
23059
23059
23061
23063
23063
23064
23066
23066
23066
23067
23068
23068
23079
23079
23082
23084
23086
23094
23095
23111
23116
23118
23119
23122
23123
23123
23126
23128
23135
23136
23137
23143
23144
23145
23145
23153
23159
23161
23161
23162
23164
23165
23166
23168
23168
23171
23183
23187
23191
23196
23197
23203
23209
23212
23212
23214
23214
23215
23217
23219
23220
23222
23230
23243
23254
23255
23258
23259
23260
23264
23265
23266
23268
23271
23271
23272
23273
23286
23290
23293
23293
23295
23295
23317
23318
23318
23323
23325
23328
23331
23331
23332
23333
23337
23344
23348
23348
23349
23351
23356
23356
23358
23358
23361
23362
23363
23369
23371
23372
23376
23380
23384
23385
23386
23388
23391
23393
23395
23395
23410
23413
23413
23416
23420
23422
23422
23426
23427
23428
23440
23442
23443
23443
23450
23456
23459
23467
23472
23476
23478
23481
23481
23488
23488
23490
23491
23503
23509
23511
23512
23513
23520
23523
23527
23530
23537
23539
23551
23553
23555
23557
23558
23559
23563
23568
23568
23576
23578
23585
23588
23591
23591
23594
23595
23601
23605
23611
23612
23620
23622
23630
23638
23643
23644
23645
23646
23646
23646
23662
23663
23664
23668
23671
23672
23674
23676
23680
23680
23682
23685
23691
23698
23701
23702
23707
23709
23709
23710
23713
23716
23717
23719
23722
23731
23734
23735
23736
23737
23743
23746
23748
23748
23751
23754
23766
23768
23772
23774
23775
23775
23776
23783
23785
23791
23797
23804
23809
23811
23811
23814
23818
23823
23823
23826
23827
23834
23835
23836
23840
23841
23841
23843
23844
23847
23847
23849
23850
23856
23859
23861
23863
23866
23875
23880
23883
23894
23897
23899
23905
23908
23910
23915
23917
23917
23918
23919
23920
23926
23929
23930
23934
23935
23935
23936
23940
23943
23944
23945
23950
23951
23952
23957
23957
23965
23981
23983
23989
23990
23994
23995
24006
24013
24015
24015
24021
24022
24028
24029
24030
24034
24038
24039
24039
24047
24055
24058
24070
24073
24073
24076
24077
24077
24079
24085
24087
24090
24096
24098
24103
24107
24110
24113
24114
24123
24127
24128
24128
24129
24132
24135
24145
24146
24146
24154
24157
24157
24169
24169
24169
24173
24175
24177
24178
24189
24190
24194
24197
24198
24198
24199
24210
24214
24214
24222
24231
24231
24238
24244
24244
24244
24255
24258
24261
24264
24267
24268
24270
24271
24274
24274
24276
24281
24286
24289
24289
24291
24291
24292
24297
24297
24298
24299
24307
24308
24309
24309
24309
24310
24315
24316
24317
24319
24326
24328
24333
24337
24339
24342
24343
24345
24348
24351
24356
24363
24363
24364
24366
24367
24371
24371
24374
24383
24393
24396
24396
24401
24407
24409
24410
24411
24412
24416
24416
24420
24423
24433
24433
24437
24440
24440
24443
24443
24444
24445
24446
24448
24453
24453
24454
24457
24457
24458
24463
24466
24478
24484
24485
24487
24488
24493
24494
24495
24501
24506
24507
24508
24508
24512
24522
24530
24534
24535
24536
24538
24545
24553
24553
24564
24565
24567
24572
24573
24574
24581
24589
24590
24593
24594
24595
24601
24622
24625
24628
24629
24629
24631
24631
24632
24632
24634
24635
24644
24646
24651
24657
24657
24657
24660
24662
24672
24677
24681
24681
24683
24684
24689
24693
24696
24698
24699
24699
24703
24709
24715
24716
24718
24724
24725
24726
24744
24744
24747
24748
24749
24749
24750
24755
24760
24761
24762
24769
24775
24776
24781
24785
24787
24795
24795
24796
24804
24811
24821
24824
24825
24825
24828
24829
24836
24836
24836
24840
24840
24852
24853
24854
24854
24854
24855
24862
24862
24863
24865
24865
24867
24868
24870
24877
24878
24878
24884
24893
24896
24906
24907
24908
24910
24926
24928
24929
24934
24935
24937
24937
24938
24947
24950
24955
24955
24955
24964
24966
24968
24973
24974
24984
24988
24990
24997
24999
25005
25005
25010
25016
25020
25026
25032
25032
25035
25041
25042
25045
25053
25053
25057
25065
25066
25068
25071
25075
25082
25083
25085
25087
25091
25094
25102
25108
25112
25116
25120
25121
25126
25133
25137
25140
25142
25142
25144
25148
25151
25155
25161
25164
25173
25176
25180
25180
25182
25196
25198
25206
25214
25219
25223
25228
25228
25231
25231
25231
25232
25233
25240
25241
25242
25245
25247
25250
25254
25260
25265
25265
25274
25276
25280
25282
25283
25286
25286
25293
25294
25295
25296
25298
25302
25315
25321
25321
25324
25338
25341
25342
25349
25350
25367
25369
25376
25378
25378
25382
25384
25386
25389
25389
25390
25391
25401
25401
25403
25405
25406
25407
25418
25418
25424
25428
25430
25433
25435
25446
25447
25452
25457
25458
25470
25471
25474
25483
25485
25488
25492
25496
25497
25499
25499
25501
25503
25504
25505
25506
25506
25506
25506
25507
25508
25511
25512
25513
25516
25523
25524
25524
25525
25527
25530
25533
25545
25551
25551
25564
25564
25564
25568
25571
25572
25581
25582
25585
25595
25598
25607
25608
25609
25612
25616
25619
25619
25621
25621
25625
25626
25641
25644
25645
25646
25652
25654
25657
25662
25663
25664
25668
25674
25676
25678
25682
25682
25691
25693
25695
25695
25697
25700
25710
25711
25720
25720
25723
25727
25730
25730
25733
25737
25739
25745
25747
25754
25755
25757
25758
25769
25776
25782
25783
25785
25787
25792
25795
25800
25801
25802
25804
25812
25817
25824
25834
25846
25853
25860
25862
25868
25873
25875
25878
25878
25879
25880
25882
25887
25889
25890
25892
25898
25898
25899
25901
25902
25903
25906
25908
25909
25911
25914
25914
25918
25926
25938
25942
25954
25954
25957
25965
25966
25967
25970
25976
25977
25981
25984
25990
25995
25995
25996
25999
25999
26001
26007
26011
26013
26014
26025
26029
26032
26033
26033
26035
26036
26044
26052
26052
26052
26053
26054
26062
26067
26072
26073
26074
26075
26077
26079
26084
26085
26092
26095
26102
26106
26106
26107
26107
26113
26117
26117
26120
26131
26135
26141
26141
26143
26144
26145
26145
26148
26148
26149
26159
26159
26160
26160
26165
26167
26172
26173
26176
26177
26179
26180
26182
26186
26186
26195
26196
26202
26204
26205
26205
26220
26228
26229
26231
26238
26240
26244
26249
26250
26263
26269
26271
26273
26274
26274
26277
26279
26282
26284
26284
26287
26298
26302
26303
26303
26309
26324
26326
26331
26342
26344
26345
26352
26355
26355
26359
26364
26365
26365
26367
26370
26376
26378
26382
26383
26388
26390
26393
26406
26409
26410
26417
26420
26422
26427
26427
26427
26429
26430
26431
26432
26439
26442
26445
26447
26451
26452
26463
26463
26466
26467
26467
26471
26476
26483
26485
26485
26492
26497
26499
26510
26513
26514
26516
26523
26532
26541
26543
26557
26563
26563
26564
26567
26576
26576
26579
26581
26582
26584
26589
26594
26595
26597
26599
26604
26605
26607
26610
26611
26614
26634
26636
26639
26642
26645
26647
26650
26651
26652
26654
26656
26658
26660
26663
26667
26668
26669
26674
26680
26681
26693
26701
26705
26706
26706
26707
26710
26712
26712
26724
26732
26738
26740
26742
26743
26747
26753
26756
26760
26763
26765
26765
26766
26768
26771
26775
26777
26780
26781
26787
26798
26807
26808
26809
26817
26818
26819
26820
26826
26827
26828
26831
26836
26837
26837
26839
26846
26847
26848
26850
26852
26852
26854
26854
26855
26855
26857
26858
26860
26862
26865
26866
26867
26870
26882
26894
26899
26900
26905
26905
26908
26908
26909
26913
26913
26919
26923
26926
26937
26941
26947
26952
26953
26955
26957
26962
26967
26969
26971
26972
26976
26977
26977
26981
26981
26983
26984
26985
26985
26986
26987
26989
26990
26999
27000
27000
27004
27004
27013
27016
27023
27030
27033
27038
27041
27042
27044
27045
27045
27047
27047
27051
27053
27055
27055
27057
27058
27068
27071
27073
27073
27074
27088
27091
27092
27093
27100
27102
27108
27108
27109
27124
27138
27139
27142
27145
27150
27151
27153
27155
27156
27158
27172
27177
27183
27187
27188
27190
27192
27192
27193
27196
27203
27205
27205
27206
27207
27209
27213
27216
27218
27218
27219
27226
27230
27232
27235
27238
27240
27253
27256
27262
27265
27272
27273
27277
27278
27280
27280
27290
27292
27303
27307
27311
27311
27317
27318
27320
27324
27325
27327
27327
27330
27332
27333
27342
27344
27345
27345
27346
27346
27347
27356
27362
27372
27373
27375
27380
27382
27388
27396
27405
27414
27415
27419
27422
27424
27427
27427
27434
27442
27448
27453
27455
27465
27475
27477
27481
27493
27494
27496
27502
27503
27507
27517
27519
27520
27521
27522
27526
27533
27533
27544
27544
27552
27554
27561
27562
27563
27566
27567
27572
27580
27585
27588
27599
27604
27611
27614
27615
27616
27617
27621
27627
27629
27630
27633
27636
27637
27658
27663
27673
27680
27681
27681
27683
27683
27686
27686
27692
27693
27694
27694
27695
27704
27710
27714
27717
27719
27720
27723
27733
27734
27739
27739
27741
27741
27748
27751
27752
27760
27763
27765
27776
27785
27792
27795
27797
27798
27801
27806
27815
27818
27819
27826
27827
27827
27827
27830
27831
27834
27835
27837
27842
27848
27848
27849
27865
27868
27869
27870
27878
27882
27884
27886
27891
27892
27898
27898
27899
27899
27902
27903
27909
27910
27913
27915
27915
27915
27917
27919
27923
27925
27932
27935
27940
27940
27941
27946
27948
27952
27953
27954
27959
27963
27964
27965
27969
27974
27982
27993
27995
27998
27998
28000
28000
28005
28006
28006
28007
28007
28010
28014
28016
28023
28027
28028
28031
28035
28036
28038
28041
28042
28048
28056
28062
28064
28064
28065
28066
28067
28068
28075
28080
28081
28082
28082
28091
28093
28094
28097
28100
28102
28103
28104
28108
28118
28119
28121
28126
28128
28129
28131
28136
28137
28141
28149
28149
28150
28151
28152
28155
28159
28161
28161
28172
28173
28175
28176
28192
28196
28200
28207
28217
28219
28224
28224
28228
28230
28232
28233
28235
28241
28242
28243
28257
28262
28263
28263
28265
28269
28271
28275
28277
28277
28283
28283
28288
28288
28289
28289
28292
28292
28293
28295
28295
28295
28296
28298
28299
28300
28301
28304
28304
28306
28314
28315
28316
28318
28321
28323
28324
28324
28325
28329
28331
28334
28335
28346
28347
28349
28358
28361
28365
28376
28384
28385
28388
28391
28392
28413
28422
28426
28430
28430
28430
28430
28431
28435
28436
28438
28441
28445
28446
28447
28447
28450
28450
28457
28458
28462
28468
28469
28470
28470
28471
28477
28478
28481
28483
28489
28493
28495
28506
28506
28507
28509
28510
28513
28517
28519
28519
28522
28524
28536
28536
28537
28537
28538
28540
28543
28555
28556
28558
28563
28575
28575
28581
28592
28593
28598
28599
28600
28603
28604
28607
28609
28612
28620
28621
28623
28623
28627
28628
28639
28641
28642
28645
28646
28648
28656
28657
28659
28663
28670
28674
28676
28678
28682
28684
28687
28689
28694
28695
28700
28702
28706
28712
28713
28717
28729
28732
28732
28735
28740
28759
28762
28763
28763
28766
28769
28769
28770
28772
28775
28776
28779
28783
28790
28793
28797
28798
28800
28803
28807
28809
28811
28818
28821
28821
28822
28827
28829
28830
28832
28832
28845
28863
28870
28872
28875
28880
28884
28885
28889
28892
28896
28896
28898
28903
28906
28908
28911
28916
28919
28921
28924
28926
28927
28928
28928
28942
28943
28951
28952
28953
28953
28962
28963
28971
28972
28976
28977
28979
28980
28983
28991
28991
29001
29001
29007
29007
29008
29010
29013
29020
29023
29032
29032
29034
29035
29045
29051
29051
29053
29053
29059
29059
29062
29074
29077
29078
29078
29079
29082
29083
29083
29085
29096
29096
29099
29104
29104
29104
29104
29104
29108
29108
29123
29136
29136
29138
29138
29139
29139
29140
29141
29145
29147
29148
29152
29156
29161
29162
29163
29164
29166
29168
29171
29171
29179
29180
29181
29181
29190
29197
29198
29202
29203
29212
29212
29215
29223
29225
29230
29240
29241
29242
29246
29248
29255
29255
29260
29262
29264
29268
29269
29271
29272
29275
29277
29284
29290
29293
29293
29296
29298
29300
29304
29309
29318
29323
29324
29324
29332
29339
29346
29347
29356
29363
29364
29366
29373
29382
29389
29399
29402
29403
29405
29407
29418
29425
29434
29441
29442
29443
29445
29451
29454
29456
29460
29471
29471
29476
29480
29481
29482
29491
29495
29499
29502
29503
29504
29507
29508
29515
29522
29523
29525
29534
29535
29540
29543
29543
29544
29552
29554
29557
29558
29567
29582
29587
29590
29591
29595
29596
29596
29602
29604
29606
29609
29609
29615
29622
29625
29630
29632
29640
29643
29644
29646
29653
29654
29655
29658
29660
29663
29663
29663
29666
29666
29667
29670
29673
29674
29685
29686
29688
29690
29693
29706
29707
29711
29714
29716
29718
29718
29726
29739
29740
29742
29743
29744
29745
29747
29753
29756
29756
29761
29764
29767
29767
29768
29770
29771
29774
29774
29779
29782
29790
29794
29794
29798
29801
29801
29802
29814
29817
29818
29821
29824
29832
29843
29844
29853
29854
29857
29858
29861
29866
29868
29870
29878
29878
29881
29884
29884
29885
29897
29904
29914
29916
29916
29921
29933
29936
29936
29939
29940
29940
29946
29947
29950
29958
29964
29965
29965
29966
29967
29973
29976
29978
29980
29982
29990
29991
30000
30006
30006
30007
30014
30015
30018
30020
30021
30024
30027
30027
30029
30031
30032
30035
30035
30036
30039
30051
30051
30055
30061
30062
30064
30065
30067
30067
30069
30074
30075
30080
30083
30090
30091
30092
30093
30094
30095
30096
30101
30102
30103
30110
30110
30112
30119
30128
30135
30136
30142
30145
30150
30153
30160
30161
30162
30169
30175
30175
30176
30185
30186
30191
30195
30198
30200
30205
30207
30209
30209
30214
30215
30216
30216
30221
30226
30226
30232
30233
30234
30238
30238
30238
30239
30242
30243
30254
30256
30259
30264
30267
30275
30275
30278
30284
30284
30296
30297
30300
30303
30304
30306
30307
30310
30316
30319
30324
30324
30329
30330
30331
30332
30334
30336
30336
30338
30340
30342
30343
30345
30346
30346
30354
30354
30356
30358
30361
30368
30370
30374
30379
30379
30385
30389
30391
30391
30391
30392
30398
30399
30402
30412
30413
30414
30423
30426
30428
30429
30429
30438
30439
30440
30440
30441
30451
30452
30453
30454
30455
30457
30463
30463
30465
30465
30467
30467
30470
30472
30473
30475
30482
30493
30493
30497
30501
30507
30510
30513
30518
30519
30523
30526
30530
30534
30539
30541
30544
30550
30553
30553
30558
30568
30570
30575
30576
30586
30590
30615
30620
30622
30623
30634
30635
30637
30638
30640
30640
30646
30650
30652
30652
30655
30663
30665
30666
30668
30672
30675
30676
30681
30687
30699
30703
30703
30710
30711
30711
30725
30730
30730
30730
30742
30744
30745
30748
30749
30755
30756
30757
30758
30765
30766
30767
30772
30774
30789
30790
30794
30795
30798
30799
30800
30802
30810
30815
30818
30822
30824
30825
30831
30834
30834
30835
30835
30837
30839
30842
30845
30852
30853
30860
30866
30867
30868
30871
30871
30878
30894
30895
30895
30895
30896
30897
30899
30900
30911
30912
30913
30917
30917
30918
30928
30931
30931
30932
30936
30939
30943
30961
30964
30967
30971
30976
30977
30978
30981
30981
30995
31001
31002
31003
31005
31005
31009
31014
31014
31016
31020
31023
31026
31031
31031
31033
31038
31042
31042
31044
31045
31051
31055
31064
31066
31072
31078
31084
31087
31089
31091
31092
31095
31096
31097
31098
31103
31104
31112
31113
31131
31135
31150
31163
31164
31167
31167
31171
31172
31175
31179
31180
31185
31187
31189
31192
31202
31202
31208
31208
31208
31213
31217
31218
31220
31223
31223
31225
31230
31231
31231
31232
31237
31245
31245
31255
31258
31273
31276
31280
31292
31294
31297
31298
31306
31307
31308
31312
31320
31323
31331
31338
31342
31346
31350
31361
31362
31371
31373
31373
31382
31385
31387
31387
31390
31399
31405
31412
31412
31413
31415
31415
31422
31423
31427
31434
31437
31440
31446
31450
31458
31459
31465
31466
31469
31471
31476
31483
31498
31501
31505
31507
31512
31515
31516
31519
31522
31525
31528
31528
31530
31532
31532
31545
31557
31561
31570
31575
31576
31577
31578
31582
31585
31588
31589
31590
31592
31595
31600
31601
31605
31610
31613
31625
31625
31627
31632
31633
31634
31636
31652
31654
31656
31656
31661
31662
31663
31668
31671
31675
31679
31680
31686
31694
31695
31699
31701
31711
31714
31716
31719
31728
31733
31733
31741
31742
31743
31747
31748
31754
31756
31757
31761
31763
31768
31771
31782
31783
31784
31785
31789
31790
31792
31793
31796
31796
31801
31803
31804
31807
31810
31813
31813
31818
31821
31822
31824
31824
31826
31826
31828
31832
31832
31836
31837
31841
31841
31844
31851
31856
31856
31861
31863
31865
31874
31888
31888
31890
31896
31898
31901
31907
31909
31910
31926
31930
31932
31933
31939
31944
31949
31955
31955
31957
31958
31958
31963
31964
31982
31983
31991
31992
32000
32003
32011
32014
32017
32020
32020
32021
32027
32027
32029
32042
32042
32045
32051
32065
32066
32076
32079
32081
32082
32083
32085
32087
32088
32090
32092
32094
32105
32106
32107
32110
32110
32112
32112
32115
32119
32122
32124
32126
32126
32131
32135
32139
32147
32148
32159
32160
32162
32165
32169
32169
32170
32171
32171
32174
32176
32176
32181
32182
32186
32186
32189
32194
32207
32209
32212
32215
32223
32223
32243
32248
32253
32256
32258
32259
32263
32264
32264
32267
32269
32272
32273
32276
32276
32282
32282
32293
32301
32302
32304
32305
32305
32305
32309
32313
32317
32319
32323
32330
32332
32335
32338
32338
32339
32342
32346
32347
32348
32350
32353
32354
32355
32359
32359
32364
32366
32371
32371
32373
32377
32380
32380
32381
32383
32384
32390
32394
32395
32400
32403
32409
32410
32410
32410
32411
32411
32413
32414
32416
32419
32420
32423
32423
32424
32430
32432
32432
32438
32442
32445
32447
32447
32452
32455
32459
32463
32465
32472
32472
32480
32480
32484
32485
32488
32492
32499
32512
32513
32514
32514
32516
32525
32530
32535
32545
32546
32547
32552
32552
32553
32554
32555
32556
32567
32567
32569
32573
32574
32576
32578
32578
32579
32580
32581
32586
32586
32590
32594
32596
32596
32597
32597
32601
32603
32605
32611
32612
32615
32618
32620
32620
32620
32624
32629
32630
32637
32647
32649
32661
32662
32664
32666
32666
32667
32672
32673
32673
32674
32685
32685
32691
32695
32695
32703
32704
32707
32707
32711
32714
32715
32716
32720
32721
32721
32724
32731
32739
32741
32741
32744
32751
32751
32752
32752
32752
32754
32755
32759
32761
32761
32762
