229
650
720
1916
2137
2308
2440
2744
3218
3308
3624
5118
5201
5224
6420
6434
6963
7542
7596
7821
8158
8263
8886
8972
9443
9967
11152
11172
11760
11800
11948
11989
12472
12601
12947
13081
13302
13399
14086
14117
14332
14387
14588
14718
14891
14940
15766
15914
15984
16131
16154
16228
16766
17107
17226
17850
18668
18769
18775
18829
18852
18944
21329
21460
21725
21822
21849
22129
22386
22761
23154
23321
23396
24188
24543
24581
25052
25117
25697
25936
26093
26132
26367
26526
26560
26879
26953
27216
27928
27953
28821
29333
29466
29583
29759
29948
31294
32408
32553
32757
