24371
18010
19798
20726
23028
19889
9319
29854
12852
1675
9604
7493
12290
4929
10586
30673
31475
2597
6493
14311
11392
11891
9278
4922
32618
14295
5847
9793
5197
30539
26989
9989
22240
18197
26710
30944
21976
28173
7658
30945
6102
5722
8045
14389
9618
17988
13228
330
9924
10252
12126
19739
26442
26863
24919
28124
18979
24052
1701
12515
21501
19962
5123
4412
9335
11857
29350
15047
1895
17039
4288
31826
10846
18386
28759
8206
14277
14464
13248
16200
26083
22093
1087
30674
19791
14137
13270
19312
851
104
26417
2705
29651
24941
5970
11342
2064
29108
7598
26077
23319
3718
11936
18317
10475
8239
15122
20075
5885
31504
11687
19321
20707
11769
4561
30831
456
6015
25743
14797
7378
15795
3523
22291
25402
13854
16344
21541
26637
25316
15513
15486
6236
2116
23349
7034
2556
14074
4351
680
4044
15396
32117
23511
17566
6643
17894
14109
31454
19961
27487
1349
21095
9894
4167
30863
19624
493
3722
9324
26287
13013
3489
25022
21547
3070
29073
6622
25339
2791
28824
20561
19284
13571
31218
21943
9380
15487
31466
28957
30138
22062
8244
27958
14063
13450
32214
16110
9766
13750
24176
14468
5085
28354
10075
31602
21430
1552
10860
22549
7808
7034
11264
26054
23314
15924
7699
7504
12455
18644
1492
22938
11768
6995
12722
16554
4216
369
17076
22736
183
18679
10982
12533
26722
8379
13074
8643
25373
19071
30006
666
27231
20857
11950
24338
17696
26890
27233
10885
20550
24386
16109
31706
29301
2657
7633
23673
13384
2745
9702
24895
10266
28630
30439
28881
19011
6341
27949
25706
15354
13965
4907
4006
821
14800
21994
6324
9191
20662
1527
20835
24391
25416
22696
7871
20260
31391
10927
26711
19825
26233
21794
25971
10122
6344
11041
23488
27477
24474
13362
23765
17403
13813
16288
25905
5814
10623
1101
4269
1070
15299
22824
31289
4166
14725
6192
9284
5835
10087
4540
31900
16632
32748
9929
2456
1762
7038
7193
27899
29684
17663
5146
27331
23081
3678
1737
11483
14829
9621
11326
16601
14389
27711
29735
24289
12611
27841
14782
8479
20133
24960
24777
28334
9030
9877
23907
15521
5093
30385
8554
23105
16173
23013
7031
16469
17381
18332
1391
24325
2635
4395
21113
18549
6430
16233
16776
25905
13638
9143
1336
20595
22792
15524
30595
24893
3339
1974
2305
20906
8810
1107
4788
2196
30571
28038
17946
9762
23458
9066
23558
19922
25080
2693
26933
19457
418
1144
3962
15999
12074
11174
23979
9057
32000
13657
15597
16168
1546
16180
12275
20925
4689
8606
21893
16704
3646
11161
31204
3747
5828
25728
23495
16607
5435
13117
10988
6524
22511
17823
2545
26192
18284
12282
5929
21142
19266
14162
2752
6528
20570
706
18817
30859
3669
14285
6907
5242
4984
23171
5314
1059
24653
4731
28953
30680
12909
13656
28083
18493
16026
7563
13504
26654
17220
29123
5022
14834
2702
8454
12974
29813
1885
12648
17226
22293
31861
1581
20384
13290
9543
3698
9070
19106
10835
29028
1305
19158
1456
15591
15207
12230
3924
31500
2878
23122
30745
29376
21183
6733
3571
1776
16798
17167
21542
10213
2308
15317
20363
1463
32453
232
9819
22146
6942
28530
32256
1239
27989
8209
3274
29484
27237
25420
15954
19448
22756
2858
18032
13048
1760
10668
5213
15922
32610
19368
14818
23556
14843
26647
3787
20035
13211
22050
10865
9915
31541
6389
8353
26930
29607
30415
23235
29837
9199
31849
5318
32694
10189
9388
28070
21022
24201
17795
14350
18139
5808
18793
12057
26769
15773
16231
21103
16808
9737
29383
7198
16143
17750
24064
10514
6124
16007
26982
22131
21630
15743
11198
711
11586
29627
6069
6163
18929
12588
23930
16486
8533
1406
25464
10658
31432
8300
26106
19950
25186
11784
26929
12447
28388
29903
2913
11720
20701
14879
27472
8772
30131
3805
377
22224
11721
12235
27634
7966
16239
13441
15390
29894
7207
26405
30720
3824
20287
30828
14051
14442
25326
21772
9118
693
664
5655
27402
8733
22037
22980
29768
25537
23858
23047
9572
30403
12798
14934
12817
9560
30355
30348
13257
122
1800
17967
30747
31721
17607
5734
18604
15690
31671
25515
14965
7110
11547
26374
2368
5175
17518
28417
25910
3513
7605
12280
29159
12532
13120
24724
19789
12389
28364
13915
25014
12893
10101
12933
5947
30710
26215
6063
10908
3058
6754
14674
29240
25854
8948
982
2942
7590
13399
27370
21699
6744
17675
4160
10902
13819
19604
25252
17758
29413
19143
30370
16675
9497
18895
31116
6844
23142
1256
16931
13252
17666
24679
12698
11226
9924
17625
14712
20889
19866
22808
29702
2812
19063
10426
10103
7988
27777
10296
6929
20820
14220
354
30084
32577
21604
10253
9001
9546
27938
11071
3689
16485
27726
11573
10505
19589
32475
2841
19137
8610
18742
8538
29699
3704
12375
29722
6690
24161
22328
31653
16310
3524
4406
5771
23293
28942
6740
14824
28369
11491
13160
9452
14979
15842
26071
12017
29986
22754
5302
28329
27751
31748
8637
10817
22782
20865
6146
22634
16899
2099
10350
4468
1323
125
20120
1951
10452
6625
18544
26724
9132
14424
30285
517
17107
20744
4194
28850
3641
6676
17442
13605
20942
22364
6409
22282
11073
23139
15089
23245
27454
30168
22330
29550
28367
3367
10049
24675
10409
4887
3161
31507
29472
27676
18857
10085
11407
1689
20868
23331
13446
27984
22566
29982
10499
22052
11356
1432
4914
5067
7852
32172
32069
28073
20384
14030
16865
17138
18518
18056
19333
16891
6776
32644
25037
3680
30851
1517
25924
2988
6996
20621
4330
9300
11554
26790
2448
2420
31492
755
25987
14630
10447
26004
5044
16371
13348
21596
4582
26211
16748
25155
23456
6507
4114
15192
25965
10804
24776
3401
1320
19543
9998
10160
23737
6640
11613
27173
23446
8088
1161
7231
12953
31648
1964
30411
21465
2659
5739
5313
15282
19569
17875
19638
28623
11809
12627
24741
8020
5646
9111
26777
18167
14528
26563
28960
9339
12718
18193
22922
13487
2911
17696
346
3986
3859
19896
15476
13504
22721
8585
30329
9661
30617
4075
25616
10703
7214
19899
32706
24779
32630
25376
5263
4584
21582
7597
1653
6037
596
32255
11143
28368
25206
2121
3350
31552
19893
21653
9209
613
23806
737
11295
27733
1980
26141
16543
22243
30656
8723
19392
19836
25512
29843
9654
3993
23823
16198
23328
23511
11861
429
11471
9822
653
21074
9317
547
522
4056
24247
172
30926
30273
26412
18810
13534
4695
21034
25926
8670
4847
16805
23325
30954
904
940
17899
8743
23861
31310
26610
24804
18909
2709
32280
7935
18534
20772
17339
26284
19556
22277
11067
20179
14728
12840
8085
14722
14980
28332
11259
4061
15394
4020
18644
5655
31225
3287
15764
26175
28497
26343
727
17684
18469
12938
8389
12964
19384
21568
28802
5470
7485
24923
20710
31639
13165
22573
13505
6286
12372
13307
29070
24531
24875
28350
16548
29198
15042
23312
10069
28011
17493
30091
20526
15673
16336
8506
3243
981
25929
29705
21113
24701
1666
32056
14612
30871
22445
31898
11897
10088
27771
14929
25273
9183
18218
23324
20886
27984
31580
30870
27036
12797
32240
19113
19007
17497
25923
22883
17782
8669
23924
16369
15640
11993
25604
3653
3816
24667
5533
10157
30709
7646
10585
15897
32414
23824
30372
22083
8783
16256
17220
175
13390
6356
22157
27066
25985
20952
24494
16579
25440
30926
22255
9080
18797
23483
5754
28932
30844
18324
30992
11123
17018
12837
29361
4314
2236
6235
7952
8904
10543
30618
28772
4385
20656
4757
5170
6740
8088
844
12350
31323
5143
16191
28069
13560
21188
6757
404
22636
18341
26555
26182
22544
19384
16462
7362
18880
13815
14104
19417
13151
18447
8390
17890
14171
27408
17957
20499
14234
15980
20422
8176
27928
25028
13128
1184
16640
13242
14020
17311
21013
9169
17838
26104
11890
31219
32517
23619
27383
18477
13424
27065
12119
17129
30255
24640
19157
1296
780
24272
22816
26426
19719
18321
15597
9167
10769
32103
4696
5195
32611
1268
625
2506
28331
16413
30282
13839
14037
12761
31495
15431
681
30142
22149
21855
5422
21611
729
4441
14949
30056
16420
22766
15962
16192
19723
24818
30849
15016
14298
5705
20268
3191
6414
16137
16200
17154
1789
28779
18780
25554
4862
16371
7713
21047
24095
26144
2692
504
3229
28242
9968
10683
28451
7621
20201
17038
14244
18136
15794
5676
22909
20049
25233
24445
10148
20533
29579
2245
27350
23341
4524
2278
32640
27132
26884
10463
369
31556
27640
16532
25923
16530
22740
4676
22056
6267
25017
27382
29754
17794
3275
16017
20586
4702
13537
23637
24
24875
8737
19802
29834
15038
15535
19654
31502
7230
24516
25029
27324
14481
26084
14445
9537
7636
27625
16879
22158
21515
16510
25081
29820
16205
8452
21226
18185
31679
23810
21025
9074
24321
31970
9245
14359
13439
16540
4736
21698
21812
6418
16857
22170
13937
22679
29241
11003
29411
28986
25033
31101
18171
16819
6158
29184
32414
24006
10444
5037
29807
24931
32327
13338
13191
16201
10097
3685
18961
20473
9624
15194
28295
15068
4747
16456
1037
4315
25698
1846
18061
11065
2137
20792
26274
24619
24293
15055
7499
17429
30883
29159
12060
3532
30458
25243
683
17785
25182
9652
4243
19790
32240
13649
9798
3872
23223
20484
27400
853
6429
25196
25554
7790
4423
7397
19406
26414
14285
4702
30638
31009
10354
11925
32221
5526
29747
30622
18919
9046
14285
18188
8002
23560
26514
17282
19956
4945
1492
25359
6795
28945
16519
11819
10563
5225
22377
30514
14458
6985
4755
17246
6907
32343
9782
19173
14841
13407
31893
16561
21372
5407
20173
13250
8999
2004
15729
25628
18597
2725
13215
25766
218
14095
3024
15177
22277
15326
15023
1765
18695
16730
11841
28450
26463
14971
12220
14395
20599
29602
13610
31152
13780
8924
21813
13226
1753
15212
27342
15259
30966
2886
22368
4207
8263
20587
30891
21543
28509
31990
11505
23654
21606
17654
5570
16664
22329
6653
29782
4862
3460
7488
6671
29875
22834
650
21243
397
1407
1958
22313
29158
30939
5004
3305
24179
28836
30546
28807
21639
3783
18723
29323
11313
1535
23830
9175
19410
1857
3276
25820
21633
5143
10303
24543
23450
1297
28522
23246
17904
27061
5404
8196
15738
25940
17631
14713
3180
16553
27544
27597
5832
28351
25495
8011
17326
476
18225
11169
30163
16656
9110
29932
29033
22833
15726
8221
2220
4793
1519
11257
13857
3406
17418
14485
2623
29582
4124
27948
16467
22551
32402
26873
21291
26260
20392
29193
28203
1121
19159
18100
9118
8175
25126
23378
13517
9287
844
9011
15251
30516
10749
24902
25696
5661
2177
8271
30277
24451
17323
15112
19454
18826
10996
17395
11583
24027
6925
11228
10072
22153
29599
9805
11361
17876
5801
23919
20777
681
18578
12254
29877
23387
3908
23416
26205
2896
2743
10782
26840
31591
19817
22161
2141
22949
32448
10149
6409
18624
26864
7884
11721
8256
5442
25629
32683
1942
17591
2035
10247
6599
3667
15252
12895
11286
2526
1210
134
14840
27807
23290
976
9672
8008
28930
28860
8786
4437
1180
27175
29141
695
6896
21305
24904
874
23508
22957
5617
14821
1629
6252
32343
21404
20139
31945
16902
30112
9758
20320
31334
31790
26771
26928
31861
5490
17073
11204
1197
18058
21388
20877
19224
23648
20609
30256
32401
1626
13507
7715
26545
20323
13880
23822
24499
7134
14291
12697
26936
10812
31492
8283
22617
31912
20234
18925
1441
11573
14566
12031
8052
11563
13778
8602
15611
13255
29020
1322
24562
11334
23247
4985
6322
7826
15633
21
4518
18223
6022
7942
2027
32239
2369
24279
18799
14460
12811
4434
26727
343
19523
8110
9252
4105
1506
31867
11454
3363
10124
11075
25963
10716
21654
31862
20316
19301
4259
4653
9579
15215
7843
2526
5492
9521
26048
30469
10660
32484
26185
8145
3112
14681
19737
27216
21771
2617
17637
13938
12836
6120
21336
2999
15752
24398
10303
31144
16328
10505
17197
4525
18214
24715
4677
11129
15579
4427
10337
16287
32216
19912
10602
7449
10790
32245
9740
10927
1912
8956
32492
22171
2204
22432
4984
24147
17430
11632
14990
25918
26356
29294
26061
15082
14051
13312
11434
7306
30291
5947
16550
30836
14325
31649
11479
12276
28814
12353
14351
6712
31548
16868
15730
16706
31165
8717
22694
15861
27257
20925
30594
14515
13936
16085
25977
6938
2798
12235
29011
11074
19167
14552
11934
9345
24754
31183
13127
17962
8463
5501
1664
780
24739
3115
267
11306
6406
32168
29523
28260
9803
9319
4336
10912
12964
30812
12342
30112
32531
30633
7825
2663
7010
29081
13382
13606
30920
22489
1411
9764
25505
6197
30128
21517
19061
29050
11921
28620
29371
8814
14596
28109
2262
22212
13633
23794
28219
15862
2217
21671
28038
10595
29451
1472
17344
15691
11857
9126
3406
15393
18239
10132
15860
10821
16819
30938
480
29682
20172
24587
14775
21562
27537
20339
15142
27750
24645
2014
10797
15157
19090
22117
22806
32757
19383
4152
9152
25071
24793
2302
10900
6970
12376
11444
11543
31105
10852
12465
4250
7290
11426
25613
23883
16962
8832
21508
8492
1310
17103
18709
13764
7686
16899
5218
31028
1726
22434
32315
12343
5542
32531
4121
12000
19147
29530
26535
11654
5332
6754
15752
24433
19601
32099
8214
12296
31462
22194
30083
5782
2131
21182
22096
20948
3965
30415
20038
29407
12897
17109
20328
478
24860
6594
12748
29180
7689
15064
31522
16662
20237
8896
15645
27392
1803
3484
14054
27222
30683
7028
6910
24401
30259
22045
21000
24332
19936
24191
13483
28591
377
30061
9308
14013
21299
4675
3515
4611
8332
29155
12108
420
26911
8147
5813
25619
19543
14321
1218
7540
1438
26543
15766
29090
29687
31878
4683
7874
10678
4446
26669
597
27079
24699
31246
27991
18262
11764
19242
645
17029
24874
25370
25324
8061
892
29183
18468
3352
25169
4440
20499
13670
27573
25569
9893
22899
20174
26489
5768
22844
6893
31336
25344
28036
4982
26931
13002
16119
43
23301
17504
17418
9514
15830
157
3616
7391
13652
26948
18154
585
16297
12473
25388
9490
24559
25800
13299
21754
2108
16513
5364
19097
22840
4888
12294
726
162
12314
13657
14562
19886
13897
12512
4130
30124
8880
11949
912
2924
9728
31986
5771
19048
13327
29989
31395
14317
22948
20481
11860
12597
18915
9903
31067
3761
12703
5174
6801
20971
17468
6583
26991
20724
26256
8789
8028
2261
9342
30443
5303
19235
16211
5340
20749
22023
15552
15283
7411
19000
26903
9547
6534
1322
16240
6807
27130
28595
31510
14783
31896
6498
10751
21005
10105
7207
29435
6161
11442
953
3882
21317
10483
7812
7561
19972
15784
14553
28151
11151
31758
19989
79
28515
7165
17563
23514
6504
9039
14030
25026
19057
31094
20736
12274
22041
11621
6126
22704
25527
16764
31226
14166
10291
18893
26485
25891
8876
5645
161
4861
30431
18145
7669
6822
14021
311
3625
30063
6196
14990
27835
14546
10177
19039
16177
26398
6747
29468
49
18281
328
22960
29488
31700
24640
14692
7528
14627
18324
9313
5405
21270
28905
9311
4778
10632
32096
22891
10723
10980
581
21319
2178
11958
29859
10757
2718
17137
11500
29095
22765
3145
16337
31428
11177
9845
10356
7881
28616
24339
519
17332
3311
16656
22235
4882
17105
28482
1307
26247
28123
3977
3791
28202
14507
11576
5536
28745
9830
16002
7291
27977
3243
24273
11092
17507
2074
15455
9501
20731
23454
8540
27780
6167
13392
10072
12237
32595
26851
20950
3286
3935
24571
10806
827
21828
8721
22209
14373
12734
20332
30859
3193
14200
18446
11927
28471
17624
29308
24192
21545
9471
15966
13727
31235
9355
22469
31801
16612
31151
5770
26905
2918
30323
19713
16155
14512
26382
26249
29169
12410
22198
28854
26312
3998
52
6231
17403
24467
31831
29571
28831
2409
8358
16540
3591
15646
21086
25614
7913
7955
13702
7865
16817
28400
30943
6878
10965
20291
29550
30527
5802
17233
13819
11431
21670
13118
23524
9579
22857
6454
28551
13113
9404
32691
29703
5660
23053
19075
32571
7283
1518
29026
1335
8515
87
31191
19502
11706
22489
5398
6044
13720
11930
10450
19535
30713
16955
23125
19961
26858
3798
20732
10350
6017
13011
3420
13178
14447
20103
9982
7535
2836
29134
13410
22272
7061
9930
15986
32358
31181
19676
21327
6309
20087
1950
16792
3328
22343
15099
2691
15633
30457
10742
11408
19511
28030
16511
9871
16815
8432
9194
784
12344
27176
17059
32465
2993
27147
9770
16174
12556
19907
29452
23461
23291
27354
15821
8985
28952
4004
3155
28257
32362
5959
25966
24376
8585
24899
20967
25221
16419
3255
31479
9359
1351
9608
10079
8415
23915
20455
8137
28699
15688
26803
7001
3567
30611
5308
29079
4381
23728
24549
28857
23276
6434
18831
26667
7685
9502
7039
740
6780
2595
17904
15362
22089
1525
25512
518
1897
12049
21181
11853
657
8009
14481
29099
21873
14143
21801
17102
12463
22468
23309
20746
2635
32013
7668
8375
1407
32653
19416
2871
4384
10745
15490
17147
9679
28136
22647
6441
6302
23248
15829
8792
324
16316
2073
27101
27450
32058
9532
18054
12098
19451
3624
14922
2180
25022
22512
10926
24290
650
21035
15286
86
18125
4570
17462
27461
8922
28534
20861
7974
6715
26122
21527
26592
16851
8646
3595
15734
19170
3813
10042
32296
14628
12870
27783
21803
20973
25871
24617
22273
16057
4014
3282
19644
9673
26637
25815
1683
20111
11387
7580
4923
20393
3675
9910
7899
5416
11450
1163
5038
19446
24364
8060
16504
13342
27341
25704
7806
13854
15790
13245
31123
20633
5355
9889
17265
1242
24675
11249
10814
31809
13653
10172
19425
25812
20523
2678
31944
24794
11760
10313
5943
30668
8919
11406
29742
5998
4999
21922
12962
29657
31217
23387
4236
2719
31933
5261
844
19556
1186
29849
3413
2727
31064
18130
20509
18417
20528
19156
29197
3090
4251
26543
17961
27893
29082
589
20659
17398
910
7132
19369
32421
19798
31389
554
25936
6190
19421
20511
30021
18273
30430
14882
17932
29035
18468
2594
2423
10543
10303
2949
26773
25018
8411
12384
19600
18342
9851
6375
1631
32019
16691
19961
13235
27152
28770
26898
19266
9342
3091
3552
7072
23817
22094
27271
6794
13716
17275
178
24911
12300
14696
10742
3166
7667
6933
13302
7464
19754
11057
30353
26084
7092
27512
16948
13974
422
22231
25996
3103
32076
12954
23691
18079
6861
9943
3760
5330
14630
18171
14702
15565
4072
9535
8907
970
27769
18359
27797
1028
32142
4582
23149
31127
27529
14196
31384
24670
24606
4839
17387
17135
2916
6842
28514
16846
32052
3410
22249
14354
27734
20290
15214
31761
27511
32228
24024
17378
28419
28267
1600
31439
30521
26928
29768
26844
25611
24800
21492
27660
25187
3311
17302
20567
8257
15917
10209
30841
5415
28897
7573
26313
24638
9644
2035
4993
12672
842
3283
19370
17287
8979
4439
8475
13091
1361
14009
1401
535
31977
29983
1419
18199
3243
20942
26023
32006
21520
11731
7506
18683
30866
28823
3990
28826
23247
29442
10365
19056
17813
2622
3557
30612
17565
19807
17514
14697
27083
26739
5267
28070
28413
17239
10906
9046
12209
11863
11544
18686
15075
12973
21028
23083
3383
20671
19908
21284
11362
12967
12780
21211
23435
19376
17737
30301
11262
1340
22214
10233
1279
16904
23633
31896
6897
8649
28643
29009
8890
1203
15844
669
12218
12124
4810
18698
28915
3083
29581
24727
3108
27947
22999
3585
1742
32581
16247
27483
28311
22041
15721
2673
18192
7166
28227
14858
17517
10626
15997
24366
27455
5912
26715
23241
27509
8050
7174
9993
28646
1138
11723
17891
29067
2534
4179
28175
22499
16811
5332
14015
3431
15268
24095
26761
9797
16075
22724
20786
22351
13804
28149
8557
20257
15039
3659
6362
19442
22773
3224
1801
9060
15637
32717
8614
29632
31731
19792
29409
28667
5018
566
29179
15814
23940
10989
29492
31071
1486
28383
12044
3434
19548
31040
2383
26684
3645
31963
26007
27421
30758
15210
24192
17896
12281
15332
12087
4675
9087
6349
1530
14412
11012
18285
219
20355
30464
25856
10799
10354
8264
13531
21570
4451
7043
5044
24944
10518
9115
14346
20000
21621
10750
4152
1296
3440
25807
10599
273
13043
5435
10769
3502
20722
24413
1961
16591
3469
18071
13639
2211
22403
10849
30947
18885
24836
7290
21264
3190
25279
5613
11529
26431
2582
196
1614
4234
3072
4071
21963
15850
31099
15430
21614
10466
24075
16539
13917
15536
28382
27852
8119
29668
16277
3597
19839
31348
9633
18474
23797
5874
13784
11076
7318
27851
10968
30075
1514
7651
25654
28319
25782
4349
30531
9761
25142
3524
26878
15076
5885
29984
23992
3831
6966
21226
12062
3521
12541
32564
28208
14247
21113
11483
6509
26646
7935
17053
28562
5007
20937
10919
31836
19924
16161
27309
19847
4546
9841
26257
5771
17996
18862
29850
21560
31463
3008
18151
9867
18087
19582
13425
8628
27295
16506
24620
10419
7959
30793
21727
16488
8847
9373
3541
24039
13110
25211
16553
15677
10671
26493
6760
18758
18514
22291
19213
5010
7575
16790
2422
27837
6316
3579
13417
1822
1324
21586
7283
4435
32656
9689
31014
22846
12899
22303
25052
119
11853
4492
8536
25032
17764
21915
24487
5587
8680
18966
2728
19706
32294
11017
31729
22914
12854
13462
3774
6231
21183
7178
10716
965
8868
28674
18074
30609
29515
1530
10277
13787
5826
23984
9249
14148
7919
10317
11165
8649
27048
19290
21318
25370
4540
28682
23210
5000
7990
27725
3801
26373
15313
22332
16713
19267
15780
7175
27014
5529
10341
13949
27535
13999
15583
1889
14470
6187
30455
11363
14048
22619
25170
15297
22035
7710
5595
2609
19528
15525
12781
28168
6679
13372
8543
12029
15973
10298
19622
30949
10571
17817
31719
7611
3843
20469
3626
16283
3781
23590
27741
32683
27190
23506
31407
7608
30580
315
2302
13145
22757
31021
12206
6444
23526
5234
5313
22624
17173
17232
24660
32752
5305
8936
21361
16412
14087
30885
23196
3023
7958
13672
6564
9564
25795
24421
12871
1148
12832
30845
13350
28827
2905
18416
5642
15522
25563
24490
21477
10619
27636
4873
4183
25193
8270
250
21111
15712
13451
17750
24189
3824
21478
30599
7062
28527
15621
23915
26231
11396
11537
26905
6665
31312
16599
9461
7790
7757
7110
15119
8448
13435
20084
16876
6149
5547
12176
16722
19054
14985
12188
18960
12406
12385
20692
21222
21892
4155
18765
10006
27045
7049
27787
24607
27192
16245
27473
16159
24051
18737
31782
16572
8458
14631
28267
22832
12771
26346
24210
1249
1147
23421
13824
29607
11720
27696
24662
23158
18812
17945
18712
402
22177
4236
10421
23330
25114
19087
8545
15577
29359
26409
24601
14717
1251
9719
19864
32762
9988
14298
2164
11297
22908
5070
1391
3471
30522
9522
5030
10932
12555
1544
17370
28301
14551
20809
18585
25742
26610
4618
7063
11357
24135
13144
11802
25687
21914
3987
14232
14492
15178
8801
21657
12453
30387
1688
5022
12672
27010
7809
19640
2743
18832
21585
21611
5693
23171
31957
12576
28666
24400
8876
10324
25570
13496
17749
11771
30325
16062
20833
3052
21228
17346
13808
19308
19105
26148
5273
995
30782
27549
22140
16824
15822
27780
29276
5552
6177
25391
27836
30823
24606
11128
3285
15618
3524
23822
6139
4659
3235
26560
7150
22151
31938
18069
7917
31309
4840
29777
16649
21264
31871
14867
2925
27679
3118
17244
8386
32186
5977
29264
8246
23971
12746
31894
14838
27119
6936
1596
311
5242
4
25213
10788
28880
17815
27289
15248
3242
5732
13746
25582
18877
15267
32070
13140
5061
16026
13789
24740
21097
5727
28803
27048
18181
28875
17591
30650
6218
30435
23976
27290
18627
16512
17756
16742
19246
663
13758
1898
5539
17611
9157
9494
7089
7704
22682
8787
7603
51
17453
12577
18532
15747
15171
780
20319
14283
13672
29031
18037
28738
7475
21811
21741
21509
20464
24579
6580
6347
4121
4103
24464
9165
7219
8383
3133
13766
5337
4376
26075
21286
9964
31668
9091
8939
8877
15074
32496
32048
6579
24288
8799
26329
29137
11202
3111
12168
17433
29439
29265
31488
24189
12718
16957
2687
21652
25269
6562
9312
16638
866
14300
1855
2706
21782
16447
12835
25236
12076
6481
22924
13548
7900
18918
26672
21486
2726
25838
30956
4752
23953
11893
13610
5531
16719
24519
23052
5220
21790
21127
15497
4450
25254
22101
11020
31574
26590
21545
7104
8582
13965
5041
10195
15514
22991
29713
11978
851
23376
11682
9315
15284
32396
25572
13931
24219
19015
11732
28324
9229
31444
8609
1148
3625
19766
13787
28880
6949
23208
7321
18071
11791
11066
17936
24801
11681
31961
26263
72
10431
20809
20938
25439
8078
23414
29089
16911
13695
21751
19136
17233
22407
9382
12201
22149
890
26135
4183
610
4893
12972
150
6983
8977
30264
877
5970
14567
627
28496
9786
26577
29637
21380
13409
1048
4855
13322
19757
5600
29141
6162
26440
20382
14055
14011
20103
13420
16187
31978
3084
5048
27119
27806
15878
14948
17883
26114
12352
24291
20699
8723
22629
8845
9692
12080
15761
15781
21801
5288
27166
7055
2480
21128
9423
25317
31886
3541
17868
6760
20923
230
16397
16736
25360
22433
21726
1634
15393
28514
20768
10566
2132
29431
32174
31172
32061
32266
2969
7492
3729
4224
26917
16693
11289
22757
16537
21115
20660
32542
19570
7312
26171
31468
19073
1199
11016
19754
22079
5156
6605
2680
3602
30970
10157
8541
15708
807
8093
14933
20446
18453
7401
21767
31511
31700
19677
6297
8741
18557
16816
13892
27906
20212
16275
32002
12472
20240
26216
23863
27676
20851
9082
22633
31903
31708
18272
9054
12613
18901
708
26741
5705
25036
29852
30183
20743
25179
27873
26286
22571
13451
15058
32310
17289
6719
15602
26246
1417
14214
5094
10786
23805
1259
5827
9829
25191
7983
7656
14086
17126
18810
3641
6706
30218
26903
9868
533
26667
6037
25070
6023
26855
18976
19974
4705
23803
5138
27545
20553
6795
20075
4528
32604
14709
28567
24919
27726
7410
2217
28070
23706
22155
7194
19251
18383
7930
1198
23718
22666
27741
32607
29314
1906
6489
17468
3975
2766
4139
10794
832
14092
20489
7567
15880
10980
12153
990
8041
1142
31696
13882
28743
30658
7952
1162
15040
23623
4846
31341
22625
31532
19323
19850
24173
28346
7715
25363
16190
19473
8755
24780
8316
21448
5861
20454
8686
25674
25629
19723
21810
8725
23562
12701
28834
21797
11735
15413
23076
13635
26579
11121
10377
3650
25617
27018
8507
31164
30918
26527
17116
20046
16296
30780
544
15844
24962
23156
12849
1743
9085
12324
16540
26810
13267
5509
876
19263
28165
20243
11618
18119
23178
15645
23018
22218
8439
4944
15909
19250
28461
5673
11287
24120
1469
32593
20597
32147
31132
12277
13755
23558
25018
9492
6696
24294
4785
16805
25047
15858
14042
25612
4711
513
23818
29158
21169
2921
18367
80
18984
15173
21870
20647
20957
16739
32759
21599
19366
21893
19843
4384
31121
27193
6073
7809
20030
693
3106
26441
15261
32496
7043
27840
29961
19924
21882
25683
12530
10811
22071
22478
16590
20535
9239
7733
22014
17772
25358
22441
24999
16869
19157
3858
11449
24546
17314
7101
14482
20608
22683
26524
25561
30554
4971
5383
14409
7450
25671
6590
25718
19335
26600
30873
21670
14551
28921
12140
3052
27298
20781
10897
15135
19178
29656
18542
23646
27769
7127
634
17717
30792
2160
5568
19134
9207
31715
4840
29356
12828
6206
13450
3839
11119
18035
23606
14492
18203
29109
25601
20218
14734
29297
3000
9008
26368
28695
12775
3907
21035
15445
9600
16949
19177
25659
5073
11333
13408
14477
28952
6856
26100
6342
5802
18138
20269
28837
7787
17561
13922
10249
13472
14221
13190
25527
10072
15544
29866
27487
508
2238
5272
9702
30558
6350
21681
24852
16811
2452
4156
29535
12004
7421
22481
30831
5274
16893
3225
18686
28049
9412
32171
6245
12979
14186
24111
14816
32434
10270
29840
15723
24410
22875
10676
1527
26361
16883
27064
2019
29719
13360
26755
17923
10879
5623
21425
19901
30368
12205
11315
29682
21535
24319
24169
30305
31637
5564
14981
10944
17472
639
8505
21009
10893
12818
25923
27082
2600
1143
24578
31613
9080
19020
5063
18096
29771
14705
1759
28659
31187
16621
18828
17788
783
265
8782
24717
3634
7265
20703
14735
9390
27629
20887
18594
22460
13501
14870
12660
28357
2503
17364
27385
17240
32136
16395
13224
8342
31303
29082
51
17453
16888
10523
30776
32629
7955
21861
3760
3163
26891
30604
12990
1936
22944
23493
6098
9688
24831
19143
8538
17801
26607
10996
6885
2178
25649
6146
2426
18969
27352
23137
13494
18564
455
443
19694
29607
7092
32202
11251
14674
23717
32480
18247
17718
13584
23809
8390
26369
10971
21614
14374
31981
21726
28730
8143
4826
21915
3587
11296
13513
17398
31218
12309
2269
5200
25168
15808
23525
14492
22888
2744
22627
5076
3509
9123
19552
4367
18023
23426
31878
28061
12413
3401
1214
4580
15876
14054
5202
18138
28768
25535
15952
9305
8703
5974
12309
21396
30370
20716
26189
29298
14453
16038
20551
8955
23238
13061
18363
6942
10219
1068
689
28816
13279
8755
29454
25986
2383
32598
12210
7673
8707
14723
4505
10257
11752
3973
12877
845
3618
6670
16717
625
30578
4738
28057
4028
12736
27780
29768
19348
6394
30293
7531
4041
968
2654
21956
4990
1573
15959
26537
15927
22663
10001
5042
14707
24553
26925
13015
28584
12907
13643
9907
27042
14852
10624
12846
14072
27
6039
29597
2184
23708
25380
9340
9282
6217
1909
17053
11194
32669
24201
8967
21108
3511
17118
21616
11628
14652
19663
24722
21140
19806
31025
13355
5849
7742
6607
14100
10941
8302
21136
3972
19172
29690
32618
19170
2599
24186
23121
21474
26393
16844
105
18787
22270
27845
18494
3025
5358
15412
18533
7346
8613
11544
11308
8173
12662
24119
17164
28390
6693
11420
31826
5467
13909
9844
19833
3609
18138
19544
20581
28658
18220
22728
21571
9007
8088
32562
19599
32653
17237
9159
32761
23563
548
26480
16719
28386
992
5778
6280
23237
30787
15549
22705
3463
20834
13365
18727
31228
16223
11680
8051
24388
12595
20140
17986
24913
17187
20178
27356
28209
10368
3705
25519
7166
32012
18238
76
20456
17509
30287
2466
6129
6302
31861
5888
8948
25381
15912
26461
26886
16687
4854
31189
15343
31721
18506
7043
31601
1557
10344
7557
11406
20900
9381
29605
8095
23341
2233
1391
5693
23147
20011
11695
24960
21774
22568
29258
31688
18284
22300
10159
3287
12433
12649
2219
28050
14461
22864
17962
9826
18163
19801
21842
15675
9865
4731
28466
474
24374
32162
19637
17757
3418
12708
24541
29390
28560
32692
10457
25090
16559
27119
6950
9283
18605
12639
9907
26614
30038
7174
29654
7894
18282
21851
28771
10517
23628
23252
12423
13176
16019
27223
14772
6334
4873
26799
23395
28183
28951
17052
24941
3352
99
3626
11918
11214
10398
20360
9798
4733
589
22314
19902
15077
26354
19779
12156
9083
972
28679
7672
22768
13938
16622
2593
21381
4699
23705
7832
27331
991
31167
6285
5439
9241
3187
4663
13004
9948
21423
25672
22306
9469
10768
14195
12639
8563
9539
1101
31947
4558
14970
31131
1900
205
21653
13212
30440
15033
5737
7962
4665
9363
27505
9302
14117
8273
26133
15334
5646
5056
30856
30247
8764
22776
22975
13616
5872
17053
10992
15622
2528
10354
11677
25765
16328
12882
24529
27651
25688
31909
22132
12982
28590
17482
32241
5826
14861
27048
25311
25010
3945
28432
21356
6984
20285
31156
22539
29527
9277
26394
8354
5226
23160
8291
25987
18177
20249
18704
24376
6661
27258
10916
16965
4866
8145
32273
25024
9184
9581
29213
2483
32664
7527
4118
17540
27686
1916
14615
19384
17593
10037
26072
2251
30603
6637
28445
11677
31234
17748
22172
15160
3446
2903
6561
15254
12846
6505
23439
17631
16836
23061
29321
20613
781
9313
6765
2046
3327
1545
28761
8064
13436
1288
31352
2517
11330
19536
27680
21832
11954
26172
16940
11101
7233
9354
6730
11957
8281
4372
23526
2518
29947
10448
16445
14919
17592
23034
20539
5412
12606
14643
25287
11718
17043
27087
21575
19758
21664
5023
26025
24046
3153
19479
6824
11194
5826
25808
25527
9726
5289
11647
18955
27698
29862
24403
6110
7898
7464
22965
19175
12181
15454
1984
28360
21527
27830
27583
27445
12775
24442
5174
11202
7308
32350
429
23193
20609
7471
20426
302
6658
10854
22028
658
31069
1860
13350
18680
26086
1227
22273
17627
21624
13996
12219
31515
23559
29132
13726
20477
13330
26150
1838
14881
27255
22986
4098
9310
16158
2390
16240
9095
17683
4552
16277
10919
24452
32028
27458
94
18779
6848
21318
29222
27398
2203
20752
10371
355
14950
21759
27422
18174
28925
4717
22527
24729
6971
30189
27279
30878
10773
26565
2180
26270
15952
19587
20169
13096
21608
9552
20
21327
15916
29065
9151
2875
967
22086
23104
22136
7902
19355
30545
5440
23800
29233
4039
11167
3209
20437
21215
28419
32238
21246
32658
6928
21525
1754
6914
21103
9932
16580
19883
29240
30720
26476
12260
19663
29218
16469
11984
2740
26779
17466
30421
22942
16262
16396
1467
459
30924
20781
2901
20965
27320
935
474
14747
6045
30510
8998
18185
28801
24284
32581
25028
18384
1135
12927
29400
824
10348
28434
9538
13222
8592
20363
29842
15010
10183
19180
9799
9419
19922
28083
17080
23457
27704
8188
8714
1979
22051
19945
17351
30297
5293
13491
9528
18521
26620
28758
21209
18196
14026
10529
1896
5688
27904
18734
6669
31231
5220
31009
14032
15869
19924
24671
8429
19342
4919
16949
28414
3817
9191
20656
696
8418
6403
17105
21514
5183
144
10950
27378
32591
21575
22556
28506
18447
4122
24811
5240
29434
9869
4742
20054
5858
4294
31448
12377
22130
4498
24779
29695
6321
16453
14106
19819
819
18932
29448
25936
16039
25404
20511
17691
11545
5910
474
20684
17935
23118
30882
5965
7275
30083
2301
27334
18710
28663
30224
13334
14374
1952
15945
24301
20707
3322
5011
17890
20313
9765
1673
24736
24330
25531
12742
24194
22299
19442
21591
18928
31419
14442
29081
12374
11147
21597
24007
24086
18659
27720
18740
19834
12415
1148
1991
27493
31800
24204
575
5151
19538
28250
30180
9131
741
19464
30743
25743
9972
11196
25163
19834
21781
1904
9121
21599
22790
18549
5931
21443
28167
23464
6026
13219
17662
7754
15205
16255
725
16214
28649
26788
2866
12161
28944
1992
13195
1929
30237
2711
32378
19626
30188
13114
27762
24104
21189
8732
8124
3886
17750
23476
14472
2381
29047
4018
5376
22698
15923
11681
29541
7088
27642
3923
27692
28941
23665
14498
27387
10534
20971
21194
5960
8449
29542
27646
10069
23238
20172
3384
4832
22283
21891
24880
13979
10611
5129
30568
10015
16015
21754
1876
23767
27921
13819
19929
14058
29291
240
19670
11407
3749
13481
8034
6733
3473
26436
28554
10471
4598
21931
3257
4624
4267
32505
16141
19334
28537
15378
25870
17210
19835
3182
12759
23488
20325
18107
27595
11436
8229
10051
18477
9509
20924
17806
10196
5436
29559
11615
26605
6737
25699
25233
28728
8318
24468
9083
11367
29196
14794
17582
22220
7761
2612
3692
3359
14243
28811
29365
1361
12000
10245
3048
32553
4946
9147
29943
16877
22035
17715
27999
16713
29935
10552
21128
6922
24676
26174
14243
30594
15676
25078
11815
21078
16916
3102
9742
13993
27312
163
5718
7952
7679
7497
30113
26991
5579
3285
16617
18965
18525
2892
26324
5365
3158
2462
7038
17635
22135
29091
12991
27546
6398
7210
14645
31613
7900
16601
12126
24957
5874
7750
21249
3175
6170
30144
15238
7456
19114
31994
11288
4372
26992
26544
30141
31962
27888
22567
11300
18336
10411
17683
13608
11768
8793
19650
1773
23748
7941
21101
17159
17240
3839
15304
3786
14538
5039
25692
2730
16462
338
29088
4831
15137
20666
10754
1900
27207
9722
4218
3213
8290
10345
17658
7436
21779
4555
218
12862
21581
16802
16056
30240
23026
28290
19300
14858
11728
32448
14866
5751
4923
12968
27201
561
13188
15998
1411
32761
21708
19789
16870
3074
11824
9780
29577
31561
11739
10022
19792
24716
24030
18865
23589
8193
17351
26677
3639
25421
2235
31370
17910
22994
14259
8148
14212
1278
30721
19819
24986
26226
29366
21826
15608
28973
24560
13674
24605
19027
11626
13307
31773
5142
27499
1231
28563
23622
10135
30983
2995
16972
21160
18575
38
28454
32249
9818
442
5532
32514
13884
31015
11083
28333
25524
1473
25278
32602
9153
32646
28073
20613
752
846
18226
28149
9848
21230
13780
16311
20043
20150
15419
27017
31253
19197
21075
7243
16760
29679
1336
19172
25964
20310
28970
14230
3191
317
1639
7282
21560
32137
29644
1321
3025
6457
7907
2949
32724
23044
26587
32057
28298
27879
27191
7002
2785
23649
17189
3533
15134
31808
9661
30302
19529
29439
3417
32178
23770
7449
3615
26863
31836
7211
9719
7641
25470
13092
23344
27746
17399
16569
25672
3161
23194
27490
12677
16847
19407
11408
204
28813
31471
15425
28415
25170
16756
19540
19895
1815
12915
19591
31768
13593
11108
28431
30
21699
7735
2113
9737
15536
3273
3096
21139
1079
1885
3504
17886
18762
26275
7616
20718
977
12116
26198
26267
26755
17692
26753
12164
13437
19138
21120
32285
22551
28173
16347
6776
24361
7374
26739
29
6465
20591
19567
18416
1137
15935
18029
23698
15330
14094
10372
5719
18648
4894
16527
12497
13569
2690
4687
7831
10311
28418
13956
19089
13253
31484
24448
29198
16200
24120
20346
3894
16734
24183
2618
7582
6590
10902
32583
23406
14117
1120
2526
28833
31505
24356
31162
26269
1692
14386
5950
5213
4495
2161
2776
12395
6851
9454
21176
30814
6601
9562
31813
22816
32101
17466
3437
13219
13721
29342
2525
13746
32375
24543
30791
23049
11128
30978
19886
6207
31398
25862
12380
5894
14271
9860
31882
7718
11149
3255
27609
8155
6596
26347
10395
30924
25543
28731
32318
13937
1602
10011
3788
12489
4740
14954
18745
31470
19613
1080
19655
20426
31124
11715
10134
11546
14674
30270
5777
17683
14010
7070
25909
12685
27356
12972
28416
2203
20399
10502
9762
11589
18885
17990
26910
25063
14159
18024
1829
16247
16810
8561
12423
15115
10130
15527
7266
16774
4490
20194
31713
12413
31650
31018
3512
22716
15463
14451
15934
8029
17652
12907
27095
19361
2622
3648
16337
666
31674
4394
31460
15739
4395
20698
24180
20540
13090
16206
16862
9765
28702
30775
9680
6199
1903
14147
26935
19693
175
4936
5975
29567
28935
21424
28468
31744
13416
14734
23828
30038
7727
20709
2674
28386
27714
5668
26090
1058
31193
16767
20188
28507
7308
749
16713
23332
15960
10451
29086
2038
1233
4256
17201
31278
9589
31100
23282
26887
30538
25137
23150
2594
25955
32385
6185
26394
6718
31077
30960
2135
24186
19501
15509
13563
27290
28265
2903
14965
31419
18954
5352
16308
27217
5435
3295
14353
16884
12679
18308
30829
32457
1288
10567
14517
16897
30832
15054
31856
20270
3616
4
24043
4008
1779
23695
26735
11618
14233
16883
25886
25461
21499
12091
9300
21249
6849
15306
31659
20584
3873
5690
29180
2672
1784
9813
15640
18329
18153
3164
17256
9835
25379
19472
31747
30486
27712
9419
22612
18248
2145
16289
1344
29910
23492
22034
26638
19742
2713
2717
5146
1264
1634
19350
16327
20444
9634
21743
14366
28846
27325
17104
9702
17290
26976
29789
18893
24067
25671
5882
15646
19929
659
14387
29362
16608
28123
5040
15445
19671
202
6758
31907
30285
28610
27894
15048
27964
19636
30247
22101
6102
6564
1867
6771
8977
27646
5160
6798
2797
32715
16885
661
9213
31701
12212
7750
10166
26966
15070
26644
15127
4104
19571
16925
7523
10309
5405
24607
19115
31988
18350
7358
9679
29169
12904
629
5780
5345
7592
23494
26152
804
2345
6223
17283
9037
16803
27557
15462
10229
3644
15408
7872
32101
10510
4666
19957
17495
19140
26513
10954
25643
27328
12939
6866
5587
340
27472
1395
27540
28253
18498
994
11136
32567
8623
7999
8203
26949
29473
22977
21281
26919
17116
16096
5167
27504
16755
6692
22791
32255
15767
16123
10918
17255
29345
26116
26919
19387
32612
17420
8814
3266
21296
5947
31906
9576
10756
15633
30138
14148
28308
3846
899
22307
22402
21225
27984
21405
5909
6026
14632
14540
12372
2782
18885
23141
24828
3203
13762
5898
27888
12679
16739
30460
22477
3294
25788
13527
19746
9465
5420
21353
19198
9245
16129
4994
30707
9473
9466
23036
27878
11792
16419
24281
7863
12607
27120
15719
26979
7372
18056
22273
15227
15277
31501
13359
8533
8551
18069
8032
13453
22325
7163
10449
20266
7759
9849
4301
10678
14355
9911
27927
19951
11372
10406
20026
6918
22703
6096
5127
8155
14061
19857
15628
10871
18621
11167
11827
26854
284
11348
3083
18117
28965
25603
24030
15519
13592
3663
2051
8755
4312
30724
7910
16313
22075
25121
2960
26634
11037
15453
13416
14669
10373
32536
24205
10128
15269
30046
13570
20699
12589
20406
661
14631
27353
9526
22256
18052
18176
10632
16683
9093
14659
15143
23160
6668
22447
19512
6463
9347
19926
19629
10933
3410
21315
3747
13782
9769
1982
2686
13401
6570
12355
16693
12639
3585
364
32069
3841
19473
7867
25133
20151
6020
11042
8007
17621
19348
3141
16357
4323
19826
13432
26302
31331
14163
27932
27601
15384
6842
23827
25971
1523
23972
29180
5829
5016
1487
58
12821
23678
5530
22034
24890
29798
3975
15236
9267
12905
11361
25223
24073
26949
31468
26284
24499
6627
12646
18211
2317
1610
2581
8046
18831
160
23909
12908
5171
17521
3128
22069
932
16074
6591
8184
10791
1138
4455
20760
9064
15530
31826
11060
12948
26480
7317
9711
8924
22497
11352
278
4679
8435
21259
15074
9802
1488
29132
14277
14128
31400
29354
16570
7090
32036
8540
20065
28634
740
26809
2330
19910
15799
32583
15333
28977
2944
22552
14182
18487
28602
21215
29799
25843
18371
32539
1046
28714
6574
5965
30735
29018
4282
19212
10383
31785
15894
22639
1799
10341
21699
1435
18863
11180
26750
19895
30283
29492
11909
25648
16599
1649
2312
15604
29471
7874
29005
7957
22222
14067
23044
5308
28548
32179
12344
26282
19177
22406
28215
117
11454
11630
27007
17772
24749
22191
15305
19552
28204
24463
24889
15794
7777
4101
25396
18785
21051
26358
31754
15846
6074
29628
32041
22203
16603
5775
23995
19487
23066
2199
17059
11413
4330
4797
26612
29468
3136
24468
15587
448
9383
11802
32144
8654
7906
13437
12787
32102
21753
24872
11350
24762
3271
32108
25240
6938
6174
10861
30822
12591
17405
15719
26235
29390
1678
1736
31866
23053
18972
12414
32117
19211
25523
14977
14484
14967
7645
23528
31340
30138
25513
11652
1115
15859
28153
16937
18712
25576
23309
29494
7503
30845
5438
17837
13030
27181
23089
30340
10242
24060
10598
8000
21423
19510
11594
3785
26232
5491
22030
31698
29079
8459
1423
3873
31428
5788
14040
17597
2751
12062
31861
16854
7323
23755
24287
17463
5642
9115
14418
23069
24266
21869
12028
25757
12175
7452
29001
19390
17879
21014
21656
28056
23218
3948
10616
22191
7506
13140
4826
24163
25399
23402
18465
5578
22677
20566
31482
27299
15792
3642
11914
6278
21427
18613
14854
14319
18556
4907
10985
18444
24225
30056
12709
26766
28039
32510
10778
17764
579
18689
9836
14062
26524
2124
26324
3137
22632
21067
27473
14900
491
10004
14955
4960
12696
16531
10346
1007
32188
6302
30273
27172
10502
8900
4051
7577
18588
21554
20450
8785
6779
8562
1910
5866
32224
22074
7532
18715
20375
26789
20664
3068
29251
12450
14711
27080
26841
9637
5199
9369
31636
29374
27599
1313
28970
15070
497
12213
19263
18603
31728
3241
28360
13610
4792
18018
27831
10894
8417
27642
3578
21748
2715
30162
26378
29417
31208
6855
20793
4933
22300
8117
17477
24204
22818
3587
2132
25493
7181
20696
13293
11264
31860
28133
4787
17452
20055
27362
23138
7261
21297
24280
2753
16198
12831
28699
14291
15178
6129
9838
15853
23274
22362
1195
9040
13489
10759
31745
24873
9665
21684
15967
6896
9519
30833
6032
14765
12524
29557
16939
26924
4078
5735
26713
27368
31536
24723
2933
30324
31136
6098
3405
2686
8317
10889
24443
10221
24329
805
9979
26437
12671
12219
30406
26805
29361
24807
13324
13380
10816
31661
16291
9338
1802
21274
11763
31743
27898
17769
18235
8028
28385
13241
23146
14884
21412
22941
10848
19861
15100
14781
22760
6121
30463
4154
6793
23816
29560
1671
22120
2597
21169
1776
8005
7362
23151
21539
480
18871
16666
14824
19528
10563
13006
13364
7900
14011
27472
4846
26638
9418
5265
31008
21451
859
2188
28067
15661
7418
5445
5600
27911
6595
5510
15641
24395
2633
30817
29343
29790
8325
14242
16834
22506
202
953
15871
1381
28466
4328
3247
31178
26788
12112
31656
7641
22653
10663
20720
3814
18026
656
31172
2906
31376
9921
7636
6746
19889
17660
22174
19431
23373
29440
21719
14395
342
23307
3597
9177
13260
24849
21076
15109
5572
19260
7086
5064
30392
20294
22989
16152
30558
5534
3552
13838
2894
26525
13064
6730
7169
23111
16163
20883
12388
12577
2948
14921
11468
22606
15930
5307
23071
32524
13928
10764
11170
26554
7316
27772
31942
32379
4500
13295
16067
12773
26013
27822
15258
11527
30092
2163
27012
3076
5860
3340
24526
7876
1927
1447
17010
32081
2506
30751
26968
18729
23056
5007
23177
30186
30056
17727
20209
25724
13083
32291
30033
17684
30024
3046
18515
26038
15891
9904
18620
25378
9391
7156
2790
10126
6794
13253
7636
29276
11645
8627
14619
15051
13915
25666
839
18619
6574
17739
31764
15778
7106
15169
31197
27374
27626
28448
24263
9158
19243
16181
26732
26815
28898
24462
11652
29359
5158
32155
30427
18251
11157
27666
23805
14430
31412
6203
1296
5536
32029
21016
475
7780
30745
28552
4819
6593
30302
26406
7069
13651
4716
13488
27422
21586
8390
32243
30958
9447
29577
30933
15901
11128
9408
2387
30809
14993
17626
384
11010
12600
3250
13225
15409
4480
12131
13081
19585
1001
28533
14772
13261
12418
32257
7535
16432
20578
11030
30597
30675
28253
21374
11736
6853
7004
25575
2960
29581
31755
29096
7102
287
19514
20633
8257
25670
31350
4024
17926
2800
22508
126
10970
9674
9906
16495
27203
9821
31022
27657
2796
14005
29913
10573
17809
28446
25144
80
12357
12945
2303
21366
13152
12665
10479
3801
29248
8815
17314
29338
31924
14810
22388
8376
14419
3025
8224
17585
6903
3213
15385
14423
3792
7913
6653
28307
17793
28304
2391
23803
15023
3152
6225
10989
21580
4554
12346
31728
1018
14183
10394
21286
15005
15506
14931
16377
11263
10544
22960
24343
14776
2123
12628
14802
11274
29205
30699
5188
21112
7011
10195
26606
27607
19417
14496
24305
30053
2726
28251
23439
12815
20603
23024
26912
28136
20552
30391
5362
29945
12224
938
26100
6874
8176
6232
25436
29649
26113
6571
24511
17437
27315
19146
23295
28281
2591
15096
18646
4750
32668
1284
30322
32669
22044
29796
8120
13137
13670
32569
21712
16909
1245
1721
301
25995
22848
20366
16799
30406
5380
22310
13922
1419
5586
22149
23021
155
29023
19237
18436
20503
24085
30843
3176
21834
16747
11447
16216
2349
14463
30269
17959
19883
23643
32562
31661
28716
13840
29113
23160
15218
24912
6884
7100
4805
1654
30323
21192
26488
16631
30249
6691
6222
19364
10896
797
10077
376
14319
23114
27503
31228
22709
2577
8516
15229
19680
10204
11609
30403
19985
30599
32306
13774
8551
15608
28737
28386
524
8238
31705
4302
5640
3046
28951
28064
19633
17302
2088
17614
26683
9729
23975
18714
6812
18781
6513
27526
985
30879
17742
24403
29753
32603
1141
15417
6360
19167
18912
12289
26872
11437
15135
15985
8506
9162
17285
29338
5755
10285
22117
22920
4566
18647
27855
24983
17861
18034
4210
19060
11369
29020
30516
20937
7540
31497
16643
25484
20482
26817
10680
8443
2332
19570
29796
8681
30884
5584
19763
9561
5269
28755
1664
31166
1048
1075
2153
96
16468
1026
19840
18265
28558
10390
25987
10711
9499
12735
17081
9288
16122
25240
13373
15451
15367
15480
16850
7115
27169
16921
14541
16252
3936
4235
20449
32546
23963
5177
23734
30356
11657
16835
5894
11818
4652
19925
8095
13816
24730
28207
29748
23959
15287
3927
23794
19529
6376
20503
27623
16549
22032
24409
1151
29206
15577
343
10987
401
31431
31314
29113
30015
15384
2966
30412
2783
30333
18123
32089
7853
4898
16977
30236
29750
9908
20331
7166
27766
2623
23325
4259
3456
8976
9787
8537
3920
2166
22488
27998
31923
5861
26333
5357
9907
23342
29135
31517
29663
23897
9686
16995
19688
17587
27650
12241
6045
25466
14826
26893
2144
11161
30898
19149
247
32490
23724
30978
5989
18065
31870
29968
10470
14367
7501
21578
30757
1035
16816
15872
10595
29161
9034
30792
24430
26284
20829
29376
22078
8925
5621
24352
28518
22658
27627
18008
26703
17880
1432
26470
1948
21749
28861
10797
17144
24161
3441
10394
28843
2860
20592
4035
31250
24811
14561
25254
17439
7943
18678
15380
481
32005
2781
765
29615
15193
5658
24603
20273
29940
6565
26977
6652
11359
24142
30489
23604
8873
10541
3463
24127
11569
17821
678
7419
25965
9783
12033
18030
2340
23448
2179
3917
17094
9249
6926
28655
31384
27385
15500
16280
23534
15153
14053
10394
22603
29637
16598
20450
8505
22909
29356
21987
30473
3242
11402
19282
15033
28568
13656
31043
16726
5718
1747
17892
19740
13775
32362
7661
26500
22821
10581
24118
28573
157
4135
19319
16954
19298
13359
13442
24992
2677
11469
1400
11180
19841
3627
22033
10621
4811
7903
5624
3726
16538
25699
24147
22369
16702
29647
15571
27387
19989
25577
1212
10453
23660
27261
4701
21465
31824
2268
29732
14156
7127
5535
20396
27008
8057
31134
18050
14573
3578
17692
22321
8739
26034
21336
29291
4966
23271
13061
18930
25521
14550
6249
29618
18358
10708
28814
15225
17355
7498
12635
31951
19791
11877
18253
23150
10430
10611
25420
20299
3497
5237
17621
22703
155
2740
21351
26175
1735
9417
17801
21860
14404
6554
32568
23869
1117
7574
3739
12418
19853
13266
21301
471
1611
31873
20423
18684
15781
30679
4297
21001
4637
335
7562
630
24510
29293
3631
25255
30163
16049
30411
12965
8557
20865
6669
29369
6389
8247
20587
19468
31600
6848
22917
29438
9165
9574
29631
10095
9403
16348
13036
23343
10046
30290
12514
6881
1131
11919
28396
26967
5096
762
13706
13357
15797
27130
19731
16040
23226
6233
20693
7300
19363
927
621
5670
26942
7920
17788
5506
26300
24983
20679
4936
7568
4804
15037
8096
31183
11868
22859
7738
6414
5362
30612
25097
28485
21718
95
6563
21211
28217
3715
26297
14956
25849
17528
27027
24410
17056
28342
3849
16110
18330
28212
21834
4764
27904
18658
8793
9631
13070
8101
20195
18319
21761
22320
19272
2414
13201
18072
20767
9563
16031
31790
24332
25096
13438
31003
12184
26906
19503
28468
28331
25329
3225
18106
10405
3539
16881
2329
3618
590
4713
28957
23412
27253
32467
27401
17787
25162
4717
29711
12819
7505
20604
23211
13994
4671
5543
16956
13733
4818
16028
20211
27316
7430
8301
7771
9583
23754
8905
29373
31620
14524
2002
17433
146
11851
5526
29692
30047
20756
19123
31344
30040
7330
3959
3899
14346
30247
16883
1636
13436
26871
1874
18000
23624
21457
30214
24851
21254
32414
989
29870
9519
20390
23012
22631
7586
18172
1998
2320
12958
28402
8228
28299
9467
6018
7996
28204
16348
21000
20263
20639
9969
15351
32360
166
16631
13646
23293
26625
16341
1543
1459
24024
21871
4792
18241
22342
31979
21576
31108
8538
24040
23978
31006
25948
22776
13201
21036
26738
26953
3565
5279
8319
15090
1626
18832
20238
31280
16063
10986
13582
20614
27641
852
9354
7952
358
31342
4674
26905
6501
1129
14102
21953
10887
17720
6636
11328
28400
2489
30755
4173
1040
3679
8620
18403
12720
17887
24666
30582
738
7109
28324
956
26661
31006
29461
3443
13689
28033
2074
15355
12610
6993
7149
2612
3623
32176
22546
13751
21211
18986
26388
1827
23622
14104
24769
19496
1509
9315
13048
3627
21548
14897
17746
15569
5768
27621
16262
12197
16650
7985
30270
5537
9462
13938
15093
19260
7286
24708
9818
12008
8520
9210
20558
22393
31444
15819
7207
31269
18077
5624
30109
28556
32433
21033
14492
17064
23889
4524
24634
14102
16263
5453
14310
1617
29640
8426
12817
10644
30690
28503
3889
355
19510
13301
16367
11599
15866
7808
4612
31763
3370
24936
16365
5421
29249
16477
20133
28545
17134
15450
24438
28005
18351
3616
174
26599
10913
22304
13599
25129
16321
27616
6863
18241
21476
16703
15337
5589
1313
28526
25165
2043
14724
12051
18001
17499
32247
111
15137
9967
14422
14691
15995
23422
30557
11456
11080
12791
7096
4482
3086
14215
20435
30135
1207
16034
10288
14368
32038
30507
24401
24868
20215
2012
15012
10102
32676
15944
14985
17097
24184
22507
25430
30391
13183
9510
10254
756
2168
19304
30217
27806
19643
9810
2499
10558
28417
27630
6541
10531
2704
20544
23683
28888
7252
31641
14046
20661
20672
7110
7669
26935
18488
29795
18390
32288
14060
32565
19371
28950
31292
9421
12235
32428
6899
25607
13623
668
4434
22020
16477
23086
8706
26442
29834
16220
23978
6053
28830
24407
30509
19413
23637
10455
26070
62
9212
4991
6092
30139
2111
32246
32270
30414
32306
22525
19444
7901
30696
31128
11185
16640
6207
2728
25005
31157
13401
1834
8805
24443
16178
16280
16115
6742
17121
902
8729
20780
18115
24467
29289
31731
18491
15557
30587
31534
24783
29214
25501
5604
19182
8790
1922
17259
17957
31086
27540
29419
17540
398
11906
31251
21352
3570
12102
29618
438
3331
30025
12778
22517
17295
5727
28982
16622
6939
18361
28691
18020
32108
3195
6595
10281
28489
17600
23747
19913
27856
7250
6913
13880
13427
4145
8755
31796
24020
24554
15418
17613
10864
25660
15866
3725
1938
24006
12869
3492
21927
7050
12003
3410
9945
16976
13574
16488
11724
24426
24018
13505
14752
27347
6705
9960
32553
8478
31100
28373
16492
15585
8700
26213
16836
28277
27763
20280
4356
20931
31472
24962
16201
7171
25967
4729
8565
18041
499
8933
10777
2952
12944
26442
21907
26001
23818
25159
18917
30649
27165
18446
11428
29371
4256
11837
31891
18446
24256
13648
16649
1338
32455
29538
29882
7525
29960
12436
25047
3551
26167
17256
2140
32217
21514
5624
8172
31959
23388
11608
8789
19828
16949
31221
26135
12476
18221
5198
25074
3235
22817
18210
12187
14242
11350
24616
12660
26084
8421
19659
26857
19992
11320
17822
20499
21316
25302
29773
13574
22504
3367
16078
6764
19620
450
14884
22675
30092
31264
27327
30729
15792
17382
20713
16461
9613
3459
13457
29469
13840
4391
14477
2300
32468
23482
20422
2536
2400
16107
25131
13731
5157
26179
27362
14475
28675
9901
17679
6774
1737
7355
27056
26330
17602
15954
13605
15545
28323
24523
25032
27843
12024
17946
1245
2715
3694
1008
11223
22704
20853
12024
26265
32516
5371
8662
15308
5228
25336
10779
2066
9974
13638
16764
31104
31191
13157
23519
24373
25707
30300
23316
11112
5545
25073
27229
17220
25770
1101
13170
10311
8547
2184
23180
17814
7434
17914
20437
18495
16857
17124
9430
13166
16134
19910
21516
7691
13820
3704
17600
23803
4961
26754
24522
26918
30727
20265
14422
22102
26171
31228
15161
25887
1299
30563
23855
4050
25696
8531
7778
32348
4465
15634
3928
32261
14667
8516
13712
22482
21677
29406
4666
22455
23329
5897
2012
15964
14583
1591
17604
18236
2599
10506
31255
21136
18770
18957
27669
830
10491
15149
10045
18268
13650
14907
11499
12017
30663
18335
22709
10648
24710
11936
10493
16265
32764
13825
15812
12835
25275
7560
9640
31318
28223
9959
22317
10569
7519
7269
22850
12340
20342
31175
14275
13110
16789
22041
21104
26105
6543
12047
19012
31747
29720
11041
18388
2559
25541
22650
3800
10116
29239
19442
9903
28655
61
30134
18134
17422
10775
2572
15671
1344
27713
31596
5152
521
30091
15677
3235
62
6081
15418
16768
5820
18833
4892
23303
870
26696
29203
6013
23772
11233
30415
24090
14993
15365
3654
13378
251
5167
20365
20671
29742
10961
9084
28717
26771
13708
19463
32113
15816
25858
11382
17769
6985
30975
31849
11144
8952
5002
29498
8609
31337
16324
32495
22730
29713
18922
22107
7822
7410
746
7351
26730
13118
24049
13718
21825
19501
29919
12802
17704
31289
24474
18167
11429
10093
4885
31352
14052
21378
6959
339
15436
23301
25279
16194
24003
27453
14480
16874
17178
7770
23948
18784
1109
5338
19267
30541
4569
6551
22753
26197
1952
19244
27647
24208
5789
21976
7764
26275
7003
17040
21112
3710
18066
30378
15531
13467
21516
10636
19894
7135
9807
13994
714
30661
26023
26985
4812
19850
28164
32363
23628
24446
31149
8391
13845
30402
4710
9177
20372
9869
18965
27173
26396
10683
25017
2397
26765
21409
7018
29783
19714
27968
19646
284
1990
9181
16865
24269
3436
29905
26724
21014
19200
3893
9056
20584
398
23104
22373
29937
17223
6014
31972
8637
13382
2397
22609
22573
11898
3525
16719
31557
3290
31763
806
25485
23364
1313
26822
18607
10138
8538
19553
11358
28689
8165
13090
16153
18001
13071
27939
23655
13394
17860
29190
5767
6879
32212
17203
26304
3115
30890
9650
2234
9524
12077
23159
28345
30761
5783
16263
5497
2005
441
25964
29266
1708
13648
22981
23227
29028
31890
30639
10877
14611
18001
19419
22150
15232
30043
19651
18631
20458
15382
30398
1427
8066
22580
32668
766
11487
14085
21565
8266
5545
13691
25864
16204
16962
7383
11021
10927
6819
27993
7621
18708
31786
26599
6871
25450
27222
29473
20290
8683
27307
10735
20425
22426
28142
22543
28088
1594
8719
16941
26417
1706
9900
5479
26955
4988
25527
18201
22809
18931
6994
19853
6510
9405
19404
29866
7203
4702
5891
25908
28588
21194
9132
3840
7477
14042
18758
26096
15186
9899
22459
31515
26928
29522
26411
29874
12125
8679
2662
22934
24531
24971
6286
28082
28995
8086
26906
31097
14061
8847
14030
14408
8502
3622
7344
4820
21873
15477
25997
13933
26859
19926
16975
10229
28043
32688
18735
27849
17284
27763
13175
4639
3425
31976
16744
21892
30863
6658
19530
15207
12862
20430
1299
18930
1389
3623
31311
13294
974
32648
5041
29912
16889
31024
6604
27552
6323
20082
30509
29170
30965
18610
22322
19617
11941
30071
29989
2367
17070
30708
21668
5695
8103
19066
16631
14689
26430
20151
9419
11279
25247
3626
9473
17171
29078
25175
31513
835
19290
24330
18154
31701
8600
17261
19965
24111
14200
25329
27467
10345
23179
12028
19754
10978
591
26305
18882
4882
13793
26070
29030
13672
3403
27052
14430
31625
31819
30315
15486
18873
23613
30160
21579
23475
28258
9938
24856
4361
13008
14041
15684
6045
25495
30199
30713
16940
30966
932
24880
22369
23400
17702
4279
10439
31375
25413
26061
19219
8679
2481
27336
9545
31295
1906
8906
21999
31728
7794
1829
22172
18417
25121
1041
16893
4660
12866
23336
31984
9231
1581
18470
71
23590
4071
9845
30428
10839
28711
26520
27557
24099
3613
20698
14113
7946
28448
21046
8830
8982
6113
25677
6366
24715
2212
8568
3548
16625
13838
9806
28980
23518
9342
27152
28650
12868
23602
3129
9570
27999
8060
22840
14511
10836
3666
27890
15282
28189
26006
177
712
24011
1360
612
8049
22383
5757
2916
5817
27871
27801
27403
18609
2006
10048
2175
3699
20559
11287
22724
31232
15705
24159
19537
30679
8643
22291
20621
9678
16527
16437
31656
30653
15326
2508
24468
17026
15297
8344
7275
30678
16416
11460
18238
31465
11324
21119
24987
12642
27640
7649
23486
19756
14069
22410
19129
23163
30352
1508
31136
5950
2460
11210
5048
12873
6145
3936
11752
12820
1705
4673
5374
2456
30973
30055
23898
27286
31361
26021
22782
21604
17778
28065
8608
18507
26023
26641
29039
3102
8792
2606
10347
23142
8909
32732
30607
1148
4122
25772
9669
21712
25576
16026
16056
17991
6385
21035
17740
13915
14066
1484
16943
20335
11408
18662
15248
14754
5548
1757
16463
18445
32168
29675
32633
4218
23677
19532
12936
11146
6093
28794
4146
25985
15341
27270
20221
31789
17347
2331
32373
22692
12799
974
7896
20659
28455
17779
21376
6843
10302
15316
12472
20543
479
11223
1696
9885
21266
6663
1113
17609
16228
26501
9707
3799
26762
29517
7220
23604
32600
11521
16609
13168
7944
26038
19788
29079
7717
16534
4981
2761
28870
32097
14318
4205
5360
29681
1404
18086
24321
23726
28456
24560
21069
5543
15812
11991
28851
17485
28725
20276
8736
15732
17606
24840
5084
3817
9766
21942
27655
300
6302
21216
5820
27910
21831
27864
1005
1492
16833
7655
25703
22298
16838
793
5282
27046
23665
18871
22498
4844
2732
28212
21462
13618
7335
17259
24767
26316
6035
29275
20857
8335
19204
17282
22557
30936
28951
15933
15308
4243
17581
1602
12711
30980
12909
26648
14085
25374
8064
22488
21808
1528
4365
11973
24926
9321
6437
4307
25706
7301
4575
4673
16649
4384
4365
15409
27554
12234
8966
2666
31514
14172
6926
32679
21435
17289
7698
2688
31748
17872
4502
26166
2839
21907
20643
20951
21672
15032
11869
10934
23160
16616
1174
17233
7728
10695
1144
15063
16253
382
12711
5241
19060
14546
3691
28141
15712
2789
32430
6636
6426
12791
30298
12539
24538
13368
26456
2789
4309
26174
17044
19313
6544
4655
8007
3784
11061
21466
18765
4681
14522
2313
32047
27501
4664
20130
6965
29599
27394
4954
9468
16722
12066
10343
20910
9169
17593
5834
24896
30863
6541
20145
29755
8129
22335
6365
4108
15732
11515
24104
17326
5762
2495
12745
17509
31854
29579
22648
108
23360
7840
24992
10382
21821
23456
13163
21715
5811
7274
