4
4
20
21
24
27
29
30
38
43
49
51
51
52
58
61
62
62
71
72
76
79
80
80
86
87
94
95
96
99
104
105
108
111
117
119
122
125
126
134
144
146
150
155
155
157
157
160
161
162
163
166
172
174
175
175
177
178
183
196
202
202
204
205
218
218
219
230
232
240
247
250
251
265
267
273
278
284
284
287
300
301
302
311
311
315
317
324
328
330
335
338
339
340
342
343
343
346
354
355
355
358
364
369
369
376
377
377
382
384
397
398
398
401
402
404
418
420
422
429
429
438
441
442
443
448
450
455
456
459
471
474
474
474
475
476
478
479
480
480
481
491
493
497
499
504
508
513
517
518
519
521
522
524
533
535
544
547
548
554
561
566
575
579
581
585
589
589
590
591
596
597
610
612
613
621
625
625
627
629
630
634
639
645
650
650
653
656
657
658
659
661
661
663
664
666
666
668
669
678
680
681
681
683
689
693
693
695
696
706
708
711
712
714
725
726
727
729
737
738
740
740
741
746
749
752
755
756
762
765
766
780
780
780
781
783
784
793
797
804
805
806
807
819
821
824
827
830
832
835
839
842
844
844
844
845
846
851
851
852
853
859
866
870
874
876
877
890
892
899
902
904
910
912
927
932
932
935
938
940
953
953
956
965
967
968
970
972
974
974
976
977
981
982
985
989
990
991
992
994
995
1001
1005
1007
1008
1018
1026
1028
1035
1037
1040
1041
1046
1048
1048
1058
1059
1068
1070
1075
1079
1080
1087
1101
1101
1101
1107
1109
1113
1115
1117
1120
1121
1129
1131
1135
1137
1138
1138
1141
1142
1143
1144
1144
1147
1148
1148
1148
1148
1151
1161
1162
1163
1174
1180
1184
1186
1195
1197
1198
1199
1203
1207
1210
1212
1214
1218
1227
1231
1233
1239
1242
1245
1245
1249
1251
1256
1259
1264
1268
1278
1279
1284
1288
1288
1296
1296
1296
1297
1299
1299
1305
1307
1310
1313
1313
1313
1320
1321
1322
1322
1323
1324
1335
1336
1336
1338
1340
1344
1344
1349
1351
1360
1361
1361
1381
1389
1391
1391
1391
1395
1400
1401
1404
1406
1407
1407
1411
1411
1417
1419
1419
1423
1427
1432
1432
1435
1438
1441
1447
1456
1459
1463
1467
1469
1472
1473
1484
1486
1487
1488
1492
1492
1492
1506
1508
1509
1514
1517
1518
1519
1523
1525
1527
1527
1528
1530
1530
1535
1543
1544
1545
1546
1552
1557
1573
1581
1581
1591
1594
1596
1600
1602
1602
1610
1611
1614
1617
1626
1626
1629
1631
1634
1634
1636
1639
1649
1653
1654
1664
1664
1666
1671
1673
1675
1678
1683
1688
1689
1692
1696
1701
1705
1706
1708
1721
1726
1735
1736
1737
1737
1742
1743
1747
1753
1754
1757
1759
1760
1762
1765
1773
1776
1776
1779
1784
1789
1799
1800
1801
1802
1803
1815
1822
1827
1829
1829
1834
1838
1846
1855
1857
1860
1867
1874
1876
1885
1885
1889
1895
1896
1897
1898
1900
1900
1903
1904
1906
1906
1909
1910
1912
1916
1922
1927
1929
1936
1938
1942
1948
1950
1951
1952
1952
1958
1961
1964
1974
1979
1980
1982
1984
1990
1991
1992
1998
2002
2004
2005
2006
2012
2012
2014
2019
2027
2035
2035
2038
2043
2046
2051
2064
2066
2073
2074
2074
2088
2099
2108
2111
2113
2116
2121
2123
2124
2131
2132
2132
2135
2137
2140
2141
2144
2145
2153
2160
2161
2163
2164
2166
2168
2175
2177
2178
2178
2179
2180
2180
2184
2184
2188
2196
2199
2203
2203
2204
2211
2212
2217
2217
2219
2220
2233
2234
2235
2236
2238
2245
2251
2261
2262
2268
2269
2278
2300
2301
2302
2302
2303
2305
2308
2312
2313
2317
2320
2329
2330
2331
2332
2340
2345
2349
2367
2368
2369
2381
2383
2383
2387
2390
2391
2397
2397
2400
2409
2414
2420
2422
2423
2426
2448
2452
2456
2456
2460
2462
2466
2480
2481
2483
2489
2495
2499
2503
2506
2506
2508
2517
2518
2525
2526
2526
2526
2528
2534
2536
2545
2556
2559
2572
2577
2581
2582
2591
2593
2594
2594
2595
2597
2597
2599
2599
2600
2606
2609
2612
2612
2617
2618
2622
2622
2623
2623
2633
2635
2635
2654
2657
2659
2662
2663
2666
2672
2673
2674
2677
2678
2680
2686
2686
2687
2688
2690
2691
2692
2693
2702
2704
2705
2706
2709
2711
2713
2715
2715
2717
2718
2719
2725
2726
2726
2727
2728
2728
2730
2732
2740
2740
2743
2743
2744
2745
2751
2752
2753
2761
2766
2776
2781
2782
2783
2785
2789
2789
2790
2791
2796
2797
2798
2800
2812
2836
2839
2841
2858
2860
2866
2871
2875
2878
2886
2892
2894
2896
2901
2903
2903
2905
2906
2911
2913
2916
2916
2918
2921
2924
2925
2933
2942
2944
2948
2949
2949
2952
2960
2960
2966
2969
2988
2993
2995
2999
3000
3008
3023
3024
3025
3025
3025
3046
3046
3048
3052
3052
3058
3068
3070
3072
3074
3076
3083
3083
3084
3086
3090
3091
3096
3102
3102
3103
3106
3108
3111
3112
3115
3115
3118
3128
3129
3133
3136
3137
3141
3145
3152
3153
3155
3158
3161
3161
3163
3164
3166
3175
3176
3180
3182
3187
3190
3191
3191
3193
3195
3203
3209
3213
3213
3224
3225
3225
3229
3235
3235
3235
3241
3242
3242
3243
3243
3243
3247
3250
3255
3255
3257
3266
3271
3273
3274
3275
3276
3282
3283
3285
3285
3286
3287
3287
3290
3294
3295
3305
3311
3311
3322
3327
3328
3331
3339
3340
3350
3352
3352
3359
3363
3367
3367
3370
3383
3384
3401
3401
3403
3405
3406
3406
3410
3410
3410
3413
3417
3418
3420
3425
3431
3434
3436
3437
3440
3441
3443
3446
3456
3459
3460
3463
3463
3469
3471
3473
3484
3489
3492
3497
3502
3504
3509
3511
3512
3513
3515
3521
3523
3524
3524
3524
3525
3532
3533
3539
3541
3541
3548
3551
3552
3552
3557
3565
3567
3570
3571
3578
3578
3579
3585
3585
3587
3587
3591
3595
3597
3597
3602
3609
3613
3615
3616
3616
3616
3618
3618
3622
3623
3623
3624
3625
3625
3626
3626
3626
3627
3627
3631
3634
3639
3641
3641
3642
3644
3645
3646
3648
3650
3653
3654
3659
3663
3666
3667
3669
3675
3678
3679
3680
3685
3689
3691
3692
3694
3698
3699
3704
3704
3705
3710
3715
3718
3722
3725
3726
3729
3739
3747
3747
3749
3760
3760
3761
3774
3781
3783
3784
3785
3786
3787
3788
3791
3792
3798
3799
3800
3801
3801
3805
3813
3814
3816
3817
3817
3824
3824
3831
3839
3839
3840
3841
3843
3846
3849
3858
3859
3872
3873
3873
3882
3886
3889
3893
3894
3899
3907
3908
3917
3920
3923
3924
3927
3928
3935
3936
3936
3945
3948
3959
3962
3965
3972
3973
3975
3975
3977
3986
3987
3990
3993
3998
4004
4006
4008
4014
4018
4020
4024
4028
4035
4039
4041
4044
4050
4051
4056
4061
4071
4071
4072
4075
4078
4098
4101
4103
4104
4105
4108
4114
4118
4121
4121
4122
4122
4124
4130
4135
4139
4145
4146
4152
4152
4154
4155
4156
4160
4166
4167
4173
4179
4183
4183
4194
4205
4207
4210
4216
4218
4218
4224
4234
4235
4236
4236
4243
4243
4250
4251
4256
4256
4259
4259
4267
4269
4279
4282
4288
4294
4297
4301
4302
4307
4309
4312
4314
4315
4323
4328
4330
4330
4336
4349
4351
4356
4361
4365
4365
4367
4372
4372
4376
4381
4384
4384
4384
4385
4391
4394
4395
4395
4406
4412
4423
4427
4434
4434
4435
4437
4439
4440
4441
4446
4450
4451
4455
4465
4468
4480
4482
4490
4492
4495
4498
4500
4502
4505
4518
4524
4524
4525
4528
4540
4540
4546
4552
4554
4555
4558
4561
4566
4569
4570
4575
4580
4582
4582
4584
4598
4611
4612
4618
4624
4637
4639
4652
4653
4655
4659
4660
4663
4664
4665
4666
4666
4671
4673
4673
4674
4675
4675
4676
4677
4679
4681
4683
4687
4689
4695
4696
4699
4701
4702
4702
4702
4705
4710
4711
4713
4716
4717
4717
4729
4731
4731
4733
4736
4738
4740
4742
4747
4750
4752
4755
4757
4764
4778
4785
4787
4788
4792
4792
4793
4797
4804
4805
4810
4811
4812
4818
4819
4820
4826
4826
4831
4832
4839
4840
4840
4844
4846
4846
4847
4854
4855
4861
4862
4862
4866
4873
4873
4882
4882
4885
4887
4888
4892
4893
4894
4898
4907
4907
4914
4919
4922
4923
4923
4929
4933
4936
4936
4944
4945
4946
4954
4960
4961
4966
4971
4981
4982
4984
4984
4985
4988
4990
4991
4993
4994
4999
5000
5002
5004
5007
5007
5010
5011
5016
5018
5022
5022
5023
5030
5037
5038
5039
5040
5041
5041
5042
5044
5044
5048
5048
5056
5061
5063
5064
5067
5070
5073
5076
5084
5085
5093
5094
5096
5123
5127
5129
5138
5142
5143
5143
5146
5146
5151
5152
5156
5157
5158
5160
5167
5167
5170
5171
5174
5174
5175
5177
5183
5188
5195
5197
5198
5199
5200
5202
5213
5213
5218
5220
5220
5225
5226
5228
5234
5237
5240
5241
5242
5242
5261
5263
5265
5267
5269
5272
5273
5274
5279
5282
5288
5289
5293
5302
5303
5305
5307
5308
5308
5313
5313
5314
5318
5330
5332
5332
5337
5338
5340
5345
5352
5355
5357
5358
5360
5362
5362
5364
5365
5371
5374
5376
5380
5383
5398
5404
5405
5405
5407
5412
5415
5416
5420
5421
5422
5435
5435
5435
5436
5438
5439
5440
5442
5445
5453
5467
5470
5479
5490
5491
5492
5497
5501
5506
5509
5510
5526
5526
5529
5530
5531
5532
5533
5534
5535
5536
5536
5537
5539
5542
5543
5543
5545
5545
5547
5548
5552
5564
5568
5570
5572
5578
5579
5584
5586
5587
5587
5589
5595
5600
5600
5604
5613
5617
5621
5623
5624
5624
5624
5640
5642
5642
5645
5646
5646
5655
5655
5658
5660
5661
5668
5670
5673
5676
5688
5690
5693
5693
5695
5705
5705
5718
5718
5719
5722
5727
5727
5732
5734
5735
5737
5739
5751
5754
5755
5757
5762
5767
5768
5768
5770
5771
5771
5771
5775
5777
5778
5780
5782
5783
5788
5789
5801
5802
5802
5808
5811
5813
5814
5817
5820
5820
5826
5826
5826
5827
5828
5829
5832
5834
5835
5847
5849
5858
5860
5861
5861
5866
5872
5874
5874
5882
5885
5885
5888
5891
5894
5894
5897
5898
5909
5910
5912
5929
5931
5943
5947
5947
5947
5950
5950
5959
5960
5965
5965
5970
5970
5974
5975
5977
5989
5998
6013
6014
6015
6017
6018
6020
6022
6023
6026
6026
6032
6035
6037
6037
6039
6044
6045
6045
6045
6053
6063
6069
6073
6074
6081
6092
6093
6096
6098
6098
6102
6102
6110
6113
6120
6121
6124
6126
6129
6129
6139
6145
6146
6146
6149
6158
6161
6162
6163
6167
6170
6174
6177
6185
6187
6190
6192
6196
6197
6199
6203
6206
6207
6207
6217
6218
6222
6223
6225
6231
6231
6232
6233
6235
6236
6245
6249
6252
6267
6278
6280
6285
6286
6286
6297
6302
6302
6302
6302
6309
6316
6321
6322
6323
6324
6334
6341
6342
6344
6347
6349
6350
6356
6360
6362
6365
6366
6375
6376
6385
6389
6389
6394
6398
6403
6406
6409
6409
6414
6414
6418
6426
6429
6430
6434
6437
6441
6444
6454
6457
6463
6465
6481
6489
6493
6498
6501
6504
6505
6507
6509
6510
6513
6524
6528
6534
6541
6541
6543
6544
6551
6554
6561
6562
6563
6564
6564
6565
6570
6571
6574
6574
6579
6580
6583
6590
6590
6591
6593
6594
6595
6595
6596
6599
6601
6604
6605
6607
6622
6625
6627
6636
6636
6637
6640
6643
6652
6653
6653
6658
6658
6661
6663
6665
6668
6669
6669
6670
6671
6676
6679
6690
6691
6692
6693
6696
6705
6706
6712
6715
6718
6719
6730
6730
6733
6733
6737
6740
6740
6742
6744
6746
6747
6754
6754
6757
6758
6760
6760
6764
6765
6771
6774
6776
6776
6779
6780
6793
6794
6794
6795
6795
6798
6801
6807
6812
6819
6822
6824
6842
6842
6843
6844
6848
6848
6849
6851
6853
6855
6856
6861
6863
6866
6871
6874
6878
6879
6881
6884
6885
6893
6896
6896
6897
6899
6903
6907
6907
6910
6913
6914
6918
6922
6925
6926
6926
6928
6929
6933
6936
6938
6938
6939
6942
6942
6949
6950
6959
6965
6966
6970
6971
6983
6984
6985
6985
6993
6994
6995
6996
7001
7002
7003
7004
7010
7011
7018
7028
7031
7034
7034
7038
7038
7039
7043
7043
7043
7049
7050
7055
7061
7062
7063
7069
7070
7072
7086
7088
7089
7090
7092
7092
7096
7100
7101
7102
7104
7106
7109
7110
7110
7110
7115
7127
7127
7132
7134
7135
7149
7150
7156
7163
7165
7166
7166
7166
7169
7171
7174
7174
7175
7178
7181
7193
7194
7198
7203
7207
7207
7207
7210
7211
7214
7219
7220
7230
7231
7233
7243
7250
7252
7261
7265
7266
7269
7274
7275
7275
7282
7283
7283
7286
7290
7290
7291
7300
7301
7306
7308
7308
7312
7316
7317
7318
7321
7323
7330
7335
7344
7346
7351
7355
7358
7362
7362
7372
7374
7378
7383
7391
7397
7401
7410
7410
7411
7418
7419
7421
7430
7434
7436
7449
7449
7450
7452
7456
7464
7464
7471
7475
7477
7485
7488
7492
7493
7497
7498
7499
7501
7503
7504
7505
7506
7506
7519
7523
7525
7527
7528
7531
7532
7535
7535
7540
7540
7557
7560
7561
7562
7563
7567
7568
7573
7574
7575
7577
7580
7582
7586
7590
7592
7597
7598
7603
7605
7608
7611
7616
7621
7621
7633
7636
7636
7636
7641
7641
7645
7646
7649
7651
7655
7656
7658
7661
7667
7668
7669
7669
7672
7673
7679
7685
7686
7689
7691
7698
7699
7704
7710
7713
7715
7715
7717
7718
7727
7728
7733
7735
7738
7742
7750
7750
7754
7757
7759
7761
7764
7770
7771
7777
7778
7780
7787
7790
7790
7794
7806
7808
7808
7809
7809
7812
7822
7825
7826
7831
7832
7840
7843
7852
7853
7863
7865
7867
7871
7872
7874
7874
7876
7881
7884
7894
7896
7898
7899
7900
7900
7900
7901
7902
7903
7906
7907
7910
7913
7913
7917
7919
7920
7930
7935
7935
7941
7942
7943
7944
7946
7952
7952
7952
7952
7955
7955
7957
7958
7959
7962
7966
7974
7983
7985
7988
7990
7996
7999
8000
8002
8005
8007
8007
8008
8009
8011
8020
8028
8028
8029
8032
8034
8041
8045
8046
8049
8050
8051
8052
8057
8060
8060
8061
8064
8064
8066
8078
8085
8086
8088
8088
8088
8093
8095
8095
8096
8101
8103
8110
8117
8119
8120
8124
8129
8137
8143
8145
8145
8147
8148
8155
8155
8165
8172
8173
8175
8176
8176
8184
8188
8193
8196
8203
8206
8209
8214
8221
8224
8228
8229
8238
8239
8244
8246
8247
8256
8257
8257
8263
8264
8266
8270
8271
8273
8281
8283
8290
8291
8300
8301
8302
8316
8317
8318
8319
8325
8332
8335
8342
8344
8353
8354
8358
8375
8376
8379
8383
8386
8389
8390
8390
8390
8391
8411
8415
8417
8418
8421
8426
8429
8432
8435
8439
8443
8448
8449
8452
8454
8458
8459
8463
8475
8478
8479
8492
8502
8505
8505
8506
8506
8507
8515
8516
8516
8520
8531
8533
8533
8536
8537
8538
8538
8538
8538
8540
8540
8541
8543
8545
8547
8551
8551
8554
8557
8557
8561
8562
8563
8565
8568
8582
8585
8585
8592
8600
8602
8606
8608
8609
8609
8610
8613
8614
8620
8623
8627
8628
8637
8637
8643
8643
8646
8649
8649
8654
8662
8669
8670
8679
8679
8680
8681
8683
8686
8700
8703
8706
8707
8714
8717
8719
8721
8723
8723
8725
8729
8732
8733
8736
8737
8739
8741
8743
8755
8755
8755
8755
8764
8772
8782
8783
8785
8786
8787
8789
8789
8790
8792
8792
8793
8793
8799
8801
8805
8810
8814
8814
8815
8830
8832
8845
8847
8847
8868
8873
8876
8876
8877
8880
8890
8896
8900
8904
8905
8906
8907
8909
8919
8922
8924
8924
8925
8933
8936
8939
8948
8948
8952
8955
8956
8966
8967
8976
8977
8977
8979
8982
8985
8998
8999
9001
9007
9008
9011
9030
9034
9037
9039
9040
9046
9046
9054
9056
9057
9060
9064
9066
9070
9074
9080
9080
9082
9083
9083
9084
9085
9087
9091
9093
9095
9110
9111
9115
9115
9118
9118
9121
9123
9126
9131
9132
9132
9143
9147
9151
9152
9153
9157
9158
9159
9162
9165
9165
9167
9169
9169
9175
9177
9177
9181
9183
9184
9191
9191
9194
9199
9207
9209
9210
9212
9213
9229
9231
9239
9241
9245
9245
9249
9249
9252
9267
9277
9278
9282
9283
9284
9287
9288
9300
9300
9302
9305
9308
9310
9311
9312
9313
9313
9315
9315
9317
9319
9319
9321
9324
9335
9338
9339
9340
9342
9342
9342
9345
9347
9354
9354
9355
9359
9363
9369
9373
9380
9381
9382
9383
9388
9390
9391
9403
9404
9405
9408
9412
9417
9418
9419
9419
9419
9421
9423
9430
9447
9452
9454
9461
9462
9465
9466
9467
9468
9469
9471
9473
9473
9490
9492
9494
9497
9499
9501
9502
9509
9510
9514
9519
9519
9521
9522
9524
9526
9528
9532
9535
9537
9538
9539
9543
9545
9546
9547
9552
9560
9561
9562
9563
9564
9570
9572
9574
9576
9579
9579
9581
9583
9589
9600
9604
9608
9613
9618
9621
9624
9631
9633
9634
9637
9640
9644
9650
9652
9654
9661
9661
9665
9669
9672
9673
9674
9678
9679
9679
9680
9686
9688
9689
9692
9702
9702
9702
9707
9711
9719
9719
9722
9726
9728
9729
9737
9737
9740
9742
9758
9761
9762
9762
9764
9765
9765
9766
9766
9769
9770
9780
9782
9783
9786
9787
9793
9797
9798
9798
9799
9802
9803
9805
9806
9807
9810
9813
9818
9818
9819
9821
9822
9826
9829
9830
9835
9836
9838
9841
9844
9845
9845
9848
9849
9851
9860
9865
9867
9868
9869
9869
9871
9877
9885
9889
9893
9894
9899
9900
9901
9903
9903
9904
9906
9907
9907
9907
9908
9910
9911
9915
9921
9924
9924
9929
9930
9932
9938
9943
9945
9948
9959
9960
9964
9967
9968
9969
9972
9974
9979
9982
9988
9989
9993
9998
10001
10004
10006
10011
10015
10022
10037
10042
10045
10046
10048
10049
10051
10069
10069
10072
10072
10072
10075
10077
10079
10085
10087
10088
10093
10095
10097
10101
10102
10103
10105
10116
10122
10124
10126
10128
10130
10132
10134
10135
10138
10148
10149
10157
10157
10159
10160
10166
10172
10177
10183
10189
10195
10195
10196
10204
10209
10213
10219
10221
10229
10229
10233
10242
10245
10247
10249
10252
10253
10254
10257
10266
10270
10277
10281
10285
10288
10291
10296
10298
10302
10303
10303
10303
10309
10311
10311
10313
10317
10324
10337
10341
10341
10343
10344
10345
10345
10346
10347
10348
10350
10350
10354
10354
10354
10356
10365
10368
10371
10372
10373
10377
10382
10383
10390
10394
10394
10394
10395
10398
10405
10406
10409
10411
10419
10421
10426
10430
10431
10439
10444
10447
10448
10449
10450
10451
10452
10453
10455
10457
10463
10466
10470
10471
10475
10479
10483
10491
10493
10499
10502
10502
10505
10505
10506
10510
10514
10517
10518
10523
10529
10531
10534
10541
10543
10543
10544
10552
10558
10563
10563
10566
10567
10569
10571
10573
10581
10585
10586
10595
10595
10598
10599
10602
10611
10611
10616
10619
10621
10623
10624
10626
10632
10632
10636
10644
10648
10658
10660
10663
10668
10671
10676
10678
10678
10680
10683
10683
10695
10703
10708
10711
10716
10716
10723
10735
10742
10742
10745
10749
10750
10751
10754
10756
10757
10759
10764
10768
10769
10769
10773
10775
10777
10778
10779
10782
10786
10788
10790
10791
10794
10797
10797
10799
10804
10806
10811
10812
10814
10816
10817
10821
10835
10836
10839
10846
10848
10849
10852
10854
10860
10861
10864
10865
10871
10877
10879
10885
10887
10889
10893
10894
10896
10897
10900
10902
10902
10906
10908
10912
10913
10916
10918
10919
10919
10926
10927
10927
10927
10932
10933
10934
10941
10944
10950
10954
10961
10965
10968
10970
10971
10978
10980
10980
10982
10985
10986
10987
10988
10989
10989
10992
10996
10996
11003
11010
11012
11016
11017
11020
11021
11030
11037
11041
11041
11042
11057
11060
11061
11065
11066
11067
11071
11073
11074
11075
11076
11080
11083
11092
11101
11108
11112
11119
11121
11123
11128
11128
11128
11129
11136
11143
11144
11146
11147
11149
11151
11157
11161
11161
11165
11167
11167
11169
11170
11174
11177
11180
11180
11185
11194
11194
11196
11198
11202
11202
11204
11210
11214
11223
11223
11226
11228
11233
11249
11251
11257
11259
11262
11263
11264
11264
11274
11279
11286
11287
11287
11288
11289
11295
11296
11297
11300
11306
11308
11313
11315
11320
11324
11326
11328
11330
11333
11334
11342
11348
11350
11350
11352
11356
11357
11358
11359
11361
11361
11362
11363
11367
11369
11372
11382
11387
11392
11396
11402
11406
11406
11407
11407
11408
11408
11408
11413
11420
11426
11428
11429
11431
11434
11436
11437
11442
11444
11447
11449
11450
11454
11454
11456
11460
11468
11469
11471
11479
11483
11483
11487
11491
11499
11500
11505
11515
11521
11527
11529
11537
11543
11544
11544
11545
11546
11547
11554
11563
11569
11573
11573
11576
11583
11586
11589
11594
11599
11608
11609
11613
11615
11618
11618
11621
11626
11628
11630
11632
11645
11647
11652
11652
11654
11657
11677
11677
11680
11681
11681
11682
11687
11695
11706
11715
11718
11720
11720
11721
11721
11723
11724
11728
11731
11732
11735
11736
11739
11752
11752
11760
11763
11764
11768
11768
11769
11771
11784
11791
11792
11802
11802
11809
11815
11818
11819
11824
11827
11837
11841
11851
11853
11853
11857
11857
11860
11861
11863
11868
11869
11877
11890
11891
11893
11897
11898
11906
11909
11914
11918
11919
11921
11925
11927
11930
11934
11936
11936
11941
11949
11950
11954
11957
11958
11973
11978
11984
11991
11993
12000
12000
12003
12004
12008
12017
12017
12024
12024
12028
12028
12029
12031
12033
12044
12047
12049
12051
12057
12060
12062
12062
12066
12074
12076
12077
12080
12087
12091
12098
12102
12108
12112
12116
12119
12124
12125
12126
12126
12131
12140
12153
12156
12161
12164
12168
12175
12176
12181
12184
12187
12188
12197
12201
12205
12206
12209
12210
12212
12213
12218
12219
12219
12220
12224
12230
12234
12235
12235
12235
12237
12241
12254
12260
12274
12275
12276
12277
12280
12281
12282
12289
12290
12294
12296
12300
12309
12309
12314
12324
12340
12342
12343
12344
12344
12346
12350
12352
12353
12355
12357
12372
12372
12374
12375
12376
12377
12380
12384
12385
12388
12389
12395
12406
12410
12413
12413
12414
12415
12418
12418
12423
12423
12433
12436
12447
12450
12453
12455
12463
12465
12472
12472
12473
12476
12489
12497
12512
12514
12515
12524
12530
12532
12533
12539
12541
12555
12556
12576
12577
12577
12588
12589
12591
12595
12597
12600
12606
12607
12610
12611
12613
12627
12628
12635
12639
12639
12639
12642
12646
12648
12649
12660
12660
12662
12665
12671
12672
12672
12677
12679
12679
12685
12696
12697
12698
12701
12703
12708
12709
12711
12711
12718
12718
12720
12722
12734
12735
12736
12742
12745
12746
12748
12759
12761
12771
12773
12775
12775
12778
12780
12781
12787
12791
12791
12797
12798
12799
12802
12811
12815
12817
12817
12818
12819
12820
12821
12828
12831
12832
12835
12835
12836
12837
12840
12846
12846
12849
12852
12854
12862
12862
12866
12868
12869
12870
12871
12873
12877
12882
12893
12895
12897
12899
12904
12905
12907
12907
12908
12909
12909
12915
12927
12933
12936
12938
12939
12944
12945
12948
12953
12954
12958
12962
12964
12964
12965
12967
12968
12972
12972
12973
12974
12979
12982
12990
12991
13002
13004
13006
13008
13011
13013
13015
13030
13036
13043
13048
13048
13061
13061
13064
13070
13071
13074
13081
13083
13090
13090
13091
13092
13096
13110
13110
13113
13114
13117
13118
13118
13120
13127
13128
13137
13140
13140
13144
13145
13151
13152
13157
13160
13163
13165
13166
13168
13170
13175
13176
13178
13183
13188
13190
13191
13195
13201
13201
13211
13212
13215
13219
13219
13222
13224
13225
13226
13228
13235
13241
13242
13245
13248
13250
13252
13253
13253
13255
13257
13260
13261
13266
13267
13270
13279
13290
13293
13294
13295
13299
13301
13302
13307
13307
13312
13322
13324
13327
13330
13334
13338
13342
13348
13350
13350
13355
13357
13359
13359
13360
13362
13364
13365
13368
13372
13373
13378
13380
13382
13382
13384
13390
13392
13394
13399
13401
13401
13407
13408
13409
13410
13416
13416
13417
13420
13424
13425
13427
13432
13435
13436
13436
13437
13437
13438
13439
13441
13442
13446
13450
13450
13451
13451
13453
13457
13462
13467
13472
13481
13483
13487
13488
13489
13491
13494
13496
13501
13504
13504
13505
13505
13507
13513
13517
13527
13531
13534
13537
13548
13560
13563
13569
13570
13571
13574
13574
13582
13584
13592
13593
13599
13605
13605
13606
13608
13610
13610
13610
13616
13618
13623
13633
13635
13638
13638
13639
13643
13646
13648
13648
13649
13650
13651
13652
13653
13656
13656
13657
13657
13670
13670
13672
13672
13672
13674
13689
13691
13695
13702
13706
13708
13712
13716
13718
13720
13721
13726
13727
13731
13733
13746
13746
13750
13751
13755
13758
13762
13764
13766
13774
13775
13778
13780
13780
13782
13784
13787
13787
13789
13793
13804
13808
13813
13815
13816
13819
13819
13819
13820
13824
13825
13838
13838
13839
13840
13840
13845
13854
13854
13857
13880
13880
13882
13884
13892
13897
13909
13915
13915
13915
13917
13922
13922
13928
13931
13933
13936
13937
13937
13938
13938
13938
13949
13956
13965
13965
13974
13979
13993
13994
13994
13996
13999
14005
14009
14010
14011
14011
14013
14015
14020
14021
14026
14030
14030
14030
14032
14037
14040
14041
14042
14042
14046
14048
14051
14051
14052
14053
14054
14054
14055
14058
14060
14061
14061
14062
14063
14066
14067
14069
14072
14074
14085
14085
14086
14087
14092
14094
14095
14100
14102
14102
14104
14104
14106
14109
14113
14117
14117
14128
14137
14143
14147
14148
14148
14156
14159
14162
14163
14166
14171
14172
14182
14183
14186
14195
14196
14200
14200
14212
14214
14215
14220
14221
14230
14232
14233
14234
14242
14242
14243
14243
14244
14247
14259
14271
14275
14277
14277
14283
14285
14285
14285
14291
14291
14295
14298
14298
14300
14310
14311
14317
14318
14319
14319
14321
14325
14346
14346
14350
14351
14353
14354
14355
14359
14366
14367
14368
14373
14374
14374
14386
14387
14389
14389
14395
14395
14404
14408
14409
14412
14418
14419
14422
14422
14423
14424
14430
14430
14442
14442
14445
14447
14451
14453
14458
14460
14461
14463
14464
14468
14470
14472
14475
14477
14477
14480
14481
14481
14482
14484
14485
14492
14492
14492
14492
14496
14498
14507
14511
14512
14515
14517
14522
14524
14528
14538
14540
14541
14546
14546
14550
14551
14551
14552
14553
14561
14562
14566
14567
14573
14583
14596
14611
14612
14615
14619
14627
14628
14630
14630
14631
14631
14632
14643
14645
14652
14659
14667
14669
14674
14674
14674
14681
14689
14691
14692
14696
14697
14702
14705
14707
14709
14711
14712
14713
14717
14722
14723
14724
14725
14728
14734
14734
14735
14747
14752
14754
14765
14772
14772
14775
14776
14781
14782
14783
14794
14797
14800
14802
14810
14816
14818
14821
14824
14824
14826
14829
14834
14838
14840
14841
14843
14852
14854
14858
14858
14861
14866
14867
14870
14879
14881
14882
14884
14884
14897
14900
14907
14919
14921
14922
14929
14931
14933
14934
14948
14949
14950
14954
14955
14956
14965
14965
14967
14970
14971
14977
14979
14980
14981
14985
14985
14990
14990
14993
14993
15005
15010
15012
15016
15023
15023
15032
15033
15033
15037
15038
15039
15040
15042
15047
15048
15051
15054
15055
15058
15063
15064
15068
15070
15070
15074
15074
15075
15076
15077
15082
15089
15090
15093
15096
15099
15100
15109
15112
15115
15119
15122
15127
15134
15135
15135
15137
15137
15142
15143
15149
15153
15157
15160
15161
15169
15171
15173
15177
15178
15178
15186
15192
15193
15194
15205
15207
15207
15210
15212
15214
15215
15218
15225
15227
15229
15232
15236
15238
15248
15248
15251
15252
15254
15258
15259
15261
15267
15268
15269
15277
15282
15282
15283
15284
15286
15287
15297
15297
15299
15304
15305
15306
15308
15308
15313
15316
15317
15326
15326
15330
15332
15333
15334
15337
15341
15343
15351
15354
15355
15362
15365
15367
15378
15380
15382
15384
15384
15385
15390
15393
15393
15394
15396
15408
15409
15409
15412
15413
15417
15418
15418
15419
15425
15430
15431
15436
15445
15445
15450
15451
15453
15454
15455
15462
15463
15476
15477
15480
15486
15486
15487
15490
15497
15500
15506
15509
15513
15514
15519
15521
15522
15524
15525
15527
15530
15531
15535
15536
15536
15544
15545
15549
15552
15557
15565
15569
15571
15577
15577
15579
15583
15585
15587
15591
15597
15597
15602
15604
15608
15608
15611
15618
15621
15622
15628
15633
15633
15633
15634
15637
15640
15640
15641
15645
15645
15646
15646
15661
15671
15673
15675
15676
15677
15677
15684
15688
15690
15691
15705
15708
15712
15712
15719
15719
15721
15723
15726
15729
15730
15732
15732
15734
15738
15739
15743
15747
15752
15752
15761
15764
15766
15767
15773
15778
15780
15781
15781
15784
15790
15792
15792
15794
15794
15795
15797
15799
15808
15812
15812
15814
15816
15819
15821
15822
15829
15830
15842
15844
15844
15846
15850
15853
15858
15859
15860
15861
15862
15866
15866
15869
15871
15872
15876
15878
15880
15891
15894
15897
15901
15909
15912
15916
15917
15922
15923
15924
15927
15930
15933
15934
15935
15944
15945
15952
15952
15954
15954
15959
15960
15962
15964
15966
15967
15973
15980
15985
15986
15995
15997
15998
15999
16002
16007
16015
16017
16019
16026
16026
16026
16028
16031
16034
16038
16039
16040
16049
16056
16056
16057
16062
16063
16067
16074
16075
16078
16085
16096
16107
16109
16110
16110
16115
16119
16122
16123
16129
16134
16137
16141
16143
16152
16153
16155
16158
16159
16161
16163
16168
16173
16174
16177
16178
16180
16181
16187
16190
16191
16192
16194
16198
16198
16200
16200
16200
16201
16201
16204
16205
16206
16211
16214
16216
16220
16223
16228
16231
16233
16239
16240
16240
16245
16247
16247
16252
16253
16255
16256
16262
16262
16263
16263
16265
16275
16277
16277
16280
16280
16283
16287
16288
16289
16291
16296
16297
16308
16310
16311
16313
16316
16321
16324
16327
16328
16328
16336
16337
16337
16341
16344
16347
16348
16348
16357
16365
16367
16369
16371
16371
16377
16395
16396
16397
16412
16413
16416
16419
16419
16420
16432
16437
16445
16447
16453
16456
16461
16462
16462
16463
16467
16468
16469
16469
16477
16477
16485
16486
16488
16488
16492
16495
16504
16506
16510
16511
16512
16513
16519
16527
16527
16530
16531
16532
16534
16537
16538
16539
16540
16540
16540
16543
16548
16549
16550
16553
16553
16554
16559
16561
16569
16570
16572
16579
16580
16590
16591
16598
16599
16599
16601
16601
16603
16607
16608
16609
16612
16616
16617
16621
16622
16622
16625
16631
16631
16631
16632
16638
16640
16640
16643
16649
16649
16649
16650
16656
16656
16662
16664
16666
16675
16683
16687
16691
16693
16693
16702
16703
16704
16706
16713
16713
16713
16717
16719
16719
16719
16722
16722
16726
16730
16734
16736
16739
16739
16742
16744
16747
16748
16755
16756
16760
16764
16764
16767
16768
16774
16776
16789
16790
16792
16798
16799
16802
16803
16805
16805
16808
16810
16811
16811
16815
16816
16816
16817
16819
16819
16824
16833
16834
16835
16836
16836
16838
16844
16846
16847
16850
16851
16854
16857
16857
16862
16865
16865
16868
16869
16870
16874
16876
16877
16879
16881
16883
16883
16883
16884
16885
16888
16889
16891
16893
16893
16897
16899
16899
16902
16904
16909
16911
16916
16921
16925
16931
16937
16939
16940
16940
16941
16943
16948
16949
16949
16949
16954
16955
16956
16957
16962
16962
16965
16972
16975
16976
16977
16995
17010
17018
17026
17029
17038
17039
17040
17043
17044
17052
17053
17053
17053
17056
17059
17059
17064
17070
17073
17076
17080
17081
17094
17097
17102
17103
17104
17105
17105
17107
17109
17116
17116
17118
17121
17124
17126
17129
17134
17135
17137
17138
17144
17147
17154
17159
17164
17167
17171
17173
17178
17187
17189
17197
17201
17203
17210
17220
17220
17220
17223
17226
17232
17233
17233
17233
17237
17239
17240
17240
17244
17246
17255
17256
17256
17259
17259
17261
17265
17275
17282
17282
17283
17284
17285
17287
17289
17289
17290
17295
17302
17302
17311
17314
17314
17323
17326
17326
17332
17339
17344
17346
17347
17351
17351
17355
17364
17370
17378
17381
17382
17387
17395
17398
17398
17399
17403
17403
17405
17418
17418
17420
17422
17429
17430
17433
17433
17437
17439
17442
17452
17453
17453
17462
17463
17466
17466
17468
17468
17472
17477
17482
17485
17493
17495
17497
17499
17504
17507
17509
17509
17514
17517
17518
17521
17528
17540
17540
17561
17563
17565
17566
17581
17582
17585
17587
17591
17591
17592
17593
17593
17597
17600
17600
17602
17604
17606
17607
17609
17611
17613
17614
17621
17621
17624
17625
17626
17627
17631
17631
17635
17637
17652
17654
17658
17660
17662
17663
17666
17675
17679
17683
17683
17683
17684
17684
17691
17692
17692
17696
17696
17702
17704
17715
17717
17718
17720
17727
17737
17739
17740
17742
17746
17748
17749
17750
17750
17750
17756
17757
17758
17764
17764
17769
17769
17772
17772
17778
17779
17782
17785
17787
17788
17788
17793
17794
17795
17801
17801
17806
17809
17813
17814
17815
17817
17821
17822
17823
17837
17838
17860
17861
17868
17872
17875
17876
17879
17880
17883
17886
17887
17890
17890
17891
17892
17894
17896
17899
17904
17904
17910
17914
17923
17926
17932
17935
17936
17945
17946
17946
17957
17957
17959
17961
17962
17962
17967
17986
17988
17990
17991
17996
18000
18001
18001
18001
18008
18010
18018
18020
18023
18024
18026
18029
18030
18032
18034
18035
18037
18041
18050
18052
18054
18056
18056
18058
18061
18065
18066
18069
18069
18071
18071
18072
18074
18077
18079
18086
18087
18096
18100
18106
18107
18115
18117
18119
18123
18125
18130
18134
18136
18138
18138
18138
18139
18145
18151
18153
18154
18154
18163
18167
18167
18171
18171
18172
18174
18176
18177
18181
18185
18185
18188
18192
18193
18196
18197
18199
18201
18203
18210
18211
18214
18218
18220
18221
18223
18225
18226
18235
18236
18238
18238
18239
18241
18241
18247
18248
18251
18253
18262
18265
18268
18272
18273
18281
18282
18284
18284
18285
18308
18317
18319
18321
18324
18324
18329
18330
18332
18335
18336
18341
18342
18350
18351
18358
18359
18361
18363
18367
18371
18383
18384
18386
18388
18390
18403
18416
18416
18417
18417
18436
18444
18445
18446
18446
18446
18447
18447
18453
18465
18468
18468
18469
18470
18474
18477
18477
18487
18488
18491
18493
18494
18495
18498
18506
18507
18514
18515
18518
18521
18525
18532
18533
18534
18542
18544
18549
18549
18556
18557
18564
18575
18578
18585
18588
18594
18597
18603
18604
18605
18607
18609
18610
18613
18619
18620
18621
18624
18627
18631
18644
18644
18646
18647
18648
18658
18659
18662
18678
18679
18680
18683
18684
18686
18686
18689
18695
18698
18704
18708
18709
18710
18712
18712
18714
18715
18723
18727
18729
18734
18735
18737
18740
18742
18745
18758
18758
18762
18765
18765
18770
18779
18780
18781
18784
18785
18787
18793
18797
18799
18810
18810
18812
18817
18826
18828
18831
18831
18832
18832
18833
18857
18862
18863
18865
18871
18871
18873
18877
18880
18882
18885
18885
18885
18893
18893
18895
18901
18909
18912
18915
18917
18918
18919
18922
18925
18928
18929
18930
18930
18931
18932
18954
18955
18957
18960
18961
18965
18965
18966
18969
18972
18976
18979
18984
18986
19000
19007
19011
19012
19015
19020
19027
19039
19048
19054
19056
19057
19060
19060
19061
19063
19066
19071
19073
19075
19087
19089
19090
19097
19105
19106
19113
19114
19115
19123
19129
19134
19136
19137
19138
19140
19143
19143
19146
19147
19149
19156
19157
19157
19158
19159
19167
19167
19170
19170
19172
19172
19173
19175
19177
19177
19178
19180
19182
19197
19198
19200
19204
19211
19212
19213
19219
19224
19235
19237
19242
19243
19244
19246
19250
19251
19260
19260
19263
19263
19266
19266
19267
19267
19272
19282
19284
19290
19290
19298
19300
19301
19304
19308
19312
19313
19319
19321
19323
19333
19334
19335
19342
19348
19348
19350
19355
19361
19363
19364
19366
19368
19369
19370
19371
19376
19383
19384
19384
19384
19387
19390
19392
19404
19406
19407
19410
19413
19416
19417
19417
19419
19421
19425
19431
19442
19442
19442
19444
19446
19448
19451
19454
19457
19463
19464
19468
19472
19473
19473
19479
19487
19496
19501
19501
19502
19503
19510
19510
19511
19512
19514
19523
19528
19528
19529
19529
19530
19532
19535
19536
19537
19538
19540
19543
19543
19544
19548
19552
19552
19553
19556
19556
19567
19569
19570
19570
19571
19582
19585
19587
19589
19591
19599
19600
19601
19604
19613
19617
19620
19622
19624
19626
19629
19633
19636
19637
19638
19640
19643
19644
19646
19650
19651
19654
19655
19659
19663
19663
19670
19671
19676
19677
19680
19688
19693
19694
19706
19713
19714
19719
19723
19723
19731
19737
19739
19740
19742
19746
19754
19754
19754
19756
19757
19758
19763
19766
19779
19788
19789
19789
19790
19791
19791
19792
19792
19798
19798
19801
19802
19806
19807
19817
19819
19819
19825
19826
19828
19833
19834
19834
19835
19836
19839
19840
19841
19843
19847
19850
19850
19853
19853
19857
19861
19864
19866
19883
19883
19886
19886
19889
19889
19893
19894
19895
19895
19896
19899
19901
19902
19907
19908
19910
19910
19912
19913
19922
19922
19924
19924
19924
19925
19926
19926
19929
19929
19936
19945
19950
19951
19956
19957
19961
19961
19961
19962
19965
19972
19974
19985
19989
19989
19992
20000
20011
20026
20030
20035
20038
20043
20046
20049
20054
20055
20065
20075
20075
20082
20084
20087
20103
20103
20111
20120
20130
20133
20133
20139
20140
20145
20150
20151
20151
20169
20172
20172
20173
20174
20178
20179
20188
20194
20195
20201
20209
20211
20212
20215
20218
20221
20234
20237
20238
20240
20243
20249
20257
20260
20263
20265
20266
20268
20269
20270
20273
20276
20280
20285
20287
20290
20290
20291
20294
20299
20310
20313
20316
20319
20320
20323
20325
20328
20331
20332
20335
20339
20342
20346
20355
20360
20363
20363
20365
20366
20372
20375
20382
20384
20384
20390
20392
20393
20396
20399
20406
20422
20422
20423
20425
20426
20426
20430
20435
20437
20437
20444
20446
20449
20450
20450
20454
20455
20456
20458
20464
20469
20473
20477
20481
20482
20484
20489
20499
20499
20499
20503
20503
20509
20511
20511
20523
20526
20528
20533
20535
20539
20540
20543
20544
20550
20551
20552
20553
20558
20559
20561
20566
20567
20570
20578
20581
20584
20584
20586
20587
20587
20591
20592
20595
20597
20599
20603
20604
20608
20609
20609
20613
20613
20614
20621
20621
20633
20633
20639
20643
20647
20656
20656
20659
20659
20660
20661
20662
20664
20666
20671
20671
20672
20679
20684
20692
20693
20696
20698
20698
20699
20699
20701
20703
20707
20707
20709
20710
20713
20716
20718
20720
20722
20724
20726
20731
20732
20736
20743
20744
20746
20749
20752
20756
20760
20767
20768
20772
20777
20780
20781
20781
20786
20792
20793
20809
20809
20820
20829
20833
20834
20835
20851
20853
20857
20857
20861
20865
20865
20868
20877
20883
20886
20887
20889
20900
20906
20910
20923
20924
20925
20925
20931
20937
20937
20938
20942
20942
20948
20950
20951
20952
20957
20965
20967
20971
20971
20973
21000
21000
21001
21005
21009
21013
21014
21014
21016
21022
21025
21028
21033
21034
21035
21035
21035
21036
21046
21047
21051
21067
21069
21074
21075
21076
21078
21086
21095
21097
21101
21103
21103
21104
21108
21111
21112
21112
21113
21113
21113
21115
21119
21120
21127
21128
21128
21136
21136
21139
21140
21142
21160
21169
21169
21176
21181
21182
21183
21183
21188
21189
21192
21194
21194
21209
21211
21211
21211
21215
21215
21216
21222
21225
21226
21226
21228
21230
21243
21246
21249
21249
21254
21259
21264
21264
21266
21270
21274
21281
21284
21286
21286
21291
21296
21297
21299
21301
21305
21315
21316
21317
21318
21318
21319
21327
21327
21336
21336
21351
21352
21353
21356
21361
21366
21372
21374
21376
21378
21380
21381
21388
21396
21404
21405
21409
21412
21423
21423
21424
21425
21427
21430
21435
21443
21448
21451
21457
21462
21465
21465
21466
21474
21476
21477
21478
21486
21492
21499
21501
21508
21509
21514
21514
21515
21516
21516
21517
21520
21525
21527
21527
21535
21539
21541
21542
21543
21545
21545
21547
21548
21554
21560
21560
21562
21565
21568
21570
21571
21575
21575
21576
21578
21579
21580
21581
21582
21585
21586
21586
21591
21596
21597
21599
21599
21604
21604
21606
21608
21611
21611
21614
21614
21616
21621
21624
21630
21633
21639
21652
21653
21653
21654
21656
21657
21664
21668
21670
21670
21671
21672
21677
21681
21684
21698
21699
21699
21699
21708
21712
21712
21715
21718
21719
21726
21726
21727
21741
21743
21748
21749
21751
21753
21754
21754
21759
21761
21767
21771
21772
21774
21779
21781
21782
21790
21794
21797
21801
21801
21803
21808
21810
21811
21812
21813
21821
21825
21826
21828
21831
21832
21834
21834
21842
21851
21855
21860
21861
21869
21870
21871
21873
21873
21882
21891
21892
21892
21893
21893
21907
21907
21914
21915
21915
21922
21927
21931
21942
21943
21953
21956
21963
21976
21976
21987
21994
21999
22014
22020
22023
22028
22030
22032
22033
22034
22034
22035
22035
22037
22041
22041
22041
22044
22045
22050
22051
22052
22056
22062
22069
22071
22074
22075
22078
22079
22083
22086
22089
22093
22094
22096
22101
22101
22102
22107
22117
22117
22120
22130
22131
22132
22135
22136
22140
22146
22149
22149
22149
22150
22151
22153
22155
22157
22158
22161
22170
22171
22172
22172
22174
22177
22191
22191
22194
22198
22203
22209
22212
22214
22218
22220
22222
22224
22231
22235
22240
22243
22249
22255
22256
22270
22272
22273
22273
22273
22277
22277
22282
22283
22291
22291
22291
22293
22298
22299
22300
22300
22303
22304
22306
22307
22310
22313
22314
22317
22320
22321
22322
22325
22328
22329
22330
22332
22335
22342
22343
22351
22362
22364
22368
22369
22369
22373
22377
22383
22388
22393
22402
22403
22406
22407
22410
22426
22432
22433
22434
22441
22445
22447
22455
22459
22460
22468
22469
22477
22478
22481
22482
22488
22488
22489
22489
22497
22498
22499
22504
22506
22507
22508
22511
22512
22517
22525
22527
22539
22543
22544
22546
22549
22551
22551
22552
22556
22557
22566
22567
22568
22571
22573
22573
22580
22603
22606
22609
22612
22617
22619
22624
22625
22627
22629
22631
22632
22633
22634
22636
22639
22647
22648
22650
22653
22658
22663
22666
22675
22677
22679
22682
22683
22692
22694
22696
22698
22703
22703
22704
22704
22705
22709
22709
22716
22721
22724
22724
22728
22730
22736
22740
22753
22754
22756
22757
22757
22760
22765
22766
22768
22773
22776
22776
22782
22782
22790
22791
22792
22806
22808
22809
22816
22816
22817
22818
22821
22824
22832
22833
22834
22840
22840
22844
22846
22848
22850
22857
22859
22864
22875
22883
22888
22891
22899
22908
22909
22909
22914
22917
22920
22922
22924
22934
22938
22941
22942
22944
22948
22949
22957
22960
22960
22965
22975
22977
22980
22981
22986
22989
22991
22994
22999
23012
23013
23018
23021
23024
23026
23028
23034
23036
23044
23044
23047
23049
23052
23053
23053
23056
23061
23066
23069
23071
23076
23081
23083
23086
23089
23104
23104
23105
23111
23114
23118
23121
23122
23125
23137
23138
23139
23141
23142
23142
23146
23147
23149
23150
23150
23151
23156
23158
23159
23160
23160
23160
23160
23163
23171
23171
23177
23178
23179
23180
23193
23194
23196
23208
23210
23211
23218
23223
23226
23227
23235
23237
23238
23238
23241
23245
23246
23247
23247
23248
23252
23271
23274
23276
23282
23290
23291
23293
23293
23295
23301
23301
23303
23307
23309
23309
23312
23314
23316
23319
23324
23325
23325
23328
23329
23330
23331
23332
23336
23341
23341
23342
23343
23344
23349
23360
23364
23373
23376
23378
23387
23387
23388
23395
23400
23402
23406
23412
23414
23416
23421
23422
23426
23435
23439
23439
23446
23448
23450
23454
23456
23456
23457
23458
23461
23464
23475
23476
23482
23483
23486
23488
23488
23492
23493
23494
23495
23506
23508
23511
23511
23514
23518
23519
23524
23525
23526
23526
23528
23534
23556
23558
23558
23559
23560
23562
23563
23589
23590
23590
23602
23604
23604
23606
23613
23619
23622
23622
23623
23624
23628
23628
23633
23637
23637
23643
23646
23648
23649
23654
23655
23660
23665
23665
23673
23677
23678
23683
23691
23695
23698
23705
23706
23708
23717
23718
23724
23726
23728
23734
23737
23747
23748
23754
23755
23765
23767
23770
23772
23794
23794
23797
23800
23803
23803
23803
23805
23805
23806
23809
23810
23816
23817
23818
23818
23822
23822
23823
23824
23827
23828
23830
23855
23858
23861
23863
23869
23883
23889
23897
23898
23907
23909
23915
23915
23919
23924
23930
23940
23948
23953
23959
23963
23971
23972
23975
23976
23978
23978
23979
23984
23992
23995
24003
24006
24006
24007
24011
24018
24020
24024
24024
24027
24030
24030
24039
24040
24043
24046
24049
24051
24052
24060
24064
24067
24073
24075
24085
24086
24090
24095
24095
24099
24104
24104
24111
24111
24118
24119
24120
24120
24127
24135
24142
24147
24147
24159
24161
24161
24163
24169
24173
24176
24179
24180
24183
24184
24186
24186
24189
24189
24191
24192
24192
24194
24201
24201
24204
24204
24205
24208
24210
24219
24225
24247
24256
24263
24266
24269
24272
24273
24279
24280
24281
24284
24287
24288
24289
24290
24291
24293
24294
24301
24305
24319
24321
24321
24325
24329
24330
24330
24332
24332
24338
24339
24343
24352
24356
24361
24364
24366
24371
24373
24374
24376
24376
24386
24388
24391
24395
24398
24400
24401
24401
24403
24403
24407
24409
24410
24410
24413
24421
24426
24430
24433
24438
24442
24443
24443
24445
24446
24448
24451
24452
24462
24463
24464
24467
24467
24468
24468
24468
24474
24474
24487
24490
24494
24499
24499
24510
24511
24516
24519
24522
24523
24526
24529
24531
24531
24538
24541
24543
24543
24546
24549
24553
24554
24559
24560
24560
24562
24571
24578
24579
24587
24601
24603
24605
24606
24606
24607
24607
24616
24617
24619
24620
24634
24638
24640
24640
24645
24653
24660
24662
24666
24667
24670
24671
24675
24675
24676
24679
24699
24701
24708
24710
24715
24715
24716
24717
24722
24723
24724
24727
24729
24730
24736
24739
24740
24741
24749
24754
24762
24767
24769
24776
24777
24779
24779
24780
24783
24793
24794
24800
24801
24804
24807
24811
24811
24818
24828
24831
24836
24840
24849
24851
24852
24856
24860
24868
24872
24873
24874
24875
24875
24880
24880
24889
24890
24893
24895
24896
24899
24902
24904
24911
24912
24913
24919
24919
24923
24926
24931
24936
24941
24941
24944
24957
24960
24960
24962
24962
24971
24983
24983
24986
24987
24992
24992
24999
25005
25010
25014
25017
25017
25018
25018
25022
25022
25024
25026
25028
25028
25029
25032
25032
25033
25036
25037
25047
25047
25052
25063
25070
25071
25073
25074
25078
25080
25081
25090
25096
25097
25114
25121
25121
25126
25129
25131
25133
25137
25142
25144
25155
25159
25162
25163
25165
25168
25169
25170
25170
25175
25179
25182
25186
25187
25191
25193
25196
25206
25211
25213
25221
25223
25233
25233
25236
25240
25240
25243
25247
25252
25254
25254
25255
25269
25273
25275
25278
25279
25279
25287
25302
25311
25316
25317
25324
25326
25329
25329
25336
25339
25344
25358
25359
25360
25363
25370
25370
25373
25374
25376
25378
25379
25380
25381
25388
25391
25396
25399
25402
25404
25413
25416
25420
25420
25421
25430
25436
25439
25440
25450
25461
25464
25466
25470
25484
25485
25493
25495
25495
25501
25505
25512
25512
25513
25515
25519
25521
25523
25524
25527
25527
25527
25527
25531
25535
25537
25541
25543
25554
25554
25561
25563
25569
25570
25572
25575
25576
25576
25577
25582
25601
25603
25604
25607
25611
25612
25613
25614
25616
25617
25619
25628
25629
25629
25643
25648
25649
25654
25659
25660
25666
25670
25671
25671
25672
25672
25674
25677
25683
25687
25688
25692
25696
25696
25698
25699
25699
25703
25704
25706
25706
25707
25718
25724
25728
25742
25743
25743
25757
25765
25766
25770
25772
25782
25788
25795
25800
25807
25808
25812
25815
25820
25838
25843
25849
25854
25856
25858
25862
25864
25870
25871
25886
25887
25891
25905
25905
25908
25909
25910
25918
25923
25923
25923
25924
25926
25929
25936
25936
25940
25948
25955
25963
25964
25964
25965
25965
25966
25967
25971
25971
25977
25985
25985
25986
25987
25987
25987
25995
25996
25997
26001
26004
26006
26007
26013
26021
26023
26023
26023
26025
26034
26038
26038
26048
26054
26061
26061
26070
26070
26071
26072
26075
26077
26083
26084
26084
26084
26086
26090
26096
26100
26100
26104
26105
26106
26113
26114
26116
26122
26133
26135
26135
26141
26144
26148
26150
26152
26166
26167
26171
26171
26172
26174
26174
26175
26175
26179
26182
26185
26189
26192
26197
26198
26205
26211
26213
26215
26216
26226
26231
26232
26233
26235
26246
26247
26249
26256
26257
26260
26263
26265
26267
26269
26270
26274
26275
26275
26282
26284
26284
26284
26286
26287
26297
26300
26302
26304
26305
26312
26313
26316
26324
26324
26329
26330
26333
26343
26346
26347
26354
26356
26358
26361
26368
26369
26373
26374
26378
26382
26388
26393
26394
26394
26396
26398
26405
26406
26409
26411
26412
26414
26417
26417
26426
26430
26431
26436
26437
26440
26441
26442
26442
26442
26456
26461
26463
26470
26476
26480
26480
26485
26488
26489
26493
26500
26501
26513
26514
26520
26524
26524
26525
26527
26535
26537
26543
26543
26544
26545
26554
26555
26560
26563
26565
26577
26579
26587
26590
26592
26599
26599
26600
26605
26606
26607
26610
26610
26612
26614
26620
26625
26634
26637
26637
26638
26638
26641
26644
26646
26647
26648
26654
26661
26667
26667
26669
26672
26677
26683
26684
26696
26703
26710
26711
26713
26715
26722
26724
26724
26727
26730
26732
26735
26738
26739
26739
26741
26750
26753
26754
26755
26755
26761
26762
26765
26766
26769
26771
26771
26773
26777
26779
26788
26788
26789
26790
26799
26803
26805
26809
26810
26815
26817
26822
26840
26841
26844
26851
26854
26855
26857
26858
26859
26863
26863
26864
26871
26872
26873
26878
26884
26886
26887
26890
26891
26893
26898
26903
26903
26905
26905
26905
26906
26906
26910
26911
26912
26917
26918
26919
26919
26924
26925
26928
26928
26928
26929
26930
26931
26933
26935
26935
26936
26942
26948
26949
26949
26953
26955
26966
26967
26968
26976
26977
26979
26982
26985
26989
26991
26991
26992
27007
27008
27010
27012
27014
27017
27018
27027
27036
27042
27045
27046
27048
27048
27048
27052
27056
27061
27064
27065
27066
27079
27080
27082
27083
27087
27095
27101
27119
27119
27119
27120
27130
27130
27132
27147
27152
27152
27165
27166
27169
27172
27173
27173
27175
27176
27181
27190
27191
27192
27193
27201
27203
27207
27216
27217
27222
27222
27223
27229
27231
27233
27237
27253
27255
27257
27258
27261
27270
27271
27279
27286
27289
27290
27290
27295
27298
27299
27307
27309
27312
27315
27316
27320
27324
27325
27327
27328
27331
27331
27334
27336
27341
27342
27347
27350
27352
27353
27354
27356
27356
27362
27362
27368
27370
27374
27378
27382
27383
27385
27385
27387
27387
27392
27394
27398
27400
27401
27402
27403
27408
27421
27422
27422
27445
27450
27453
27454
27455
27458
27461
27467
27472
27472
27472
27473
27473
27477
27483
27487
27487
27490
27493
27499
27501
27503
27504
27505
27509
27511
27512
27526
27529
27535
27537
27540
27540
27544
27545
27546
27549
27552
27554
27557
27557
27573
27583
27595
27597
27599
27601
27607
27609
27616
27621
27623
27625
27626
27627
27629
27630
27634
27636
27640
27640
27641
27642
27642
27646
27646
27647
27650
27651
27655
27657
27660
27666
27669
27676
27676
27679
27680
27686
27692
27696
27698
27704
27711
27712
27713
27714
27720
27725
27726
27726
27733
27734
27741
27741
27746
27750
27751
27762
27763
27763
27766
27769
27769
27771
27772
27777
27780
27780
27780
27783
27787
27797
27801
27806
27806
27807
27822
27830
27831
27835
27836
27837
27840
27841
27843
27845
27849
27851
27852
27855
27856
27864
27871
27873
27878
27879
27888
27888
27890
27893
27894
27898
27899
27904
27904
27906
27910
27911
27921
27927
27928
27932
27938
27939
27947
27948
27949
27958
27964
27968
27977
27984
27984
27984
27989
27991
27993
27998
27999
27999
28005
28011
28030
28033
28036
28038
28038
28039
28043
28049
28050
28056
28057
28061
28064
28065
28067
28069
28070
28070
28070
28073
28073
28082
28083
28083
28088
28109
28123
28123
28124
28133
28136
28136
28141
28142
28149
28149
28151
28153
28164
28165
28167
28168
28173
28173
28175
28183
28189
28202
28203
28204
28204
28207
28208
28209
28212
28212
28215
28217
28219
28223
28227
28242
28250
28251
28253
28253
28257
28258
28260
28265
28267
28267
28277
28281
28290
28295
28298
28299
28301
28304
28307
28308
28311
28319
28323
28324
28324
28329
28331
28331
28332
28333
28334
28342
28345
28346
28350
28351
28354
28357
28360
28360
28364
28367
28368
28369
28373
28382
28383
28385
28386
28386
28386
28388
28390
28396
28400
28400
28402
28413
28414
28415
28416
28417
28417
28418
28419
28419
28431
28432
28434
28445
28446
28448
28448
28450
28451
28454
28455
28456
28461
28466
28466
28468
28468
28471
28482
28485
28489
28496
28497
28503
28506
28507
28509
28514
28514
28515
28518
28522
28526
28527
28530
28533
28534
28537
28545
28548
28551
28552
28554
28556
28558
28560
28562
28563
28567
28568
28573
28584
28588
28590
28591
28595
28602
28610
28616
28620
28623
28630
28634
28643
28646
28649
28650
28655
28655
28658
28659
28663
28666
28667
28674
28675
28679
28682
28689
28691
28695
28699
28699
28702
28711
28714
28716
28717
28725
28728
28730
28731
28737
28738
28743
28745
28755
28758
28759
28761
28768
28770
28771
28772
28779
28794
28801
28802
28803
28807
28811
28813
28814
28814
28816
28823
28824
28826
28827
28830
28831
28833
28834
28836
28837
28843
28846
28850
28851
28854
28857
28860
28861
28870
28875
28880
28880
28881
28888
28897
28898
28905
28915
28921
28925
28930
28932
28935
28941
28942
28944
28945
28950
28951
28951
28951
28952
28952
28953
28957
28957
28960
28965
28970
28970
28973
28977
28980
28982
28986
28995
29001
29005
29009
29011
29018
29020
29020
29023
29026
29028
29028
29030
29031
29033
29035
29039
29047
29050
29065
29067
29070
29073
29078
29079
29079
29079
29081
29081
29082
29082
29086
29088
29089
29090
29091
29095
29096
29099
29108
29109
29113
29113
29123
29132
29132
29134
29135
29137
29141
29141
29155
29158
29158
29159
29159
29161
29169
29169
29170
29179
29180
29180
29180
29183
29184
29190
29193
29196
29197
29198
29198
29203
29205
29206
29213
29214
29218
29222
29233
29239
29240
29240
29241
29248
29249
29251
29258
29264
29265
29266
29275
29276
29276
29289
29291
29291
29293
29294
29297
29298
29301
29308
29314
29321
29323
29338
29338
29342
29343
29345
29350
29354
29356
29356
29359
29359
29361
29361
29362
29365
29366
29369
29371
29371
29373
29374
29376
29376
29383
29390
29390
29400
29406
29407
29409
29411
29413
29417
29419
29431
29434
29435
29438
29439
29439
29440
29442
29448
29451
29452
29454
29461
29468
29468
29469
29471
29472
29473
29473
29484
29488
29492
29492
29494
29498
29515
29517
29522
29523
29527
29530
29535
29538
29541
29542
29550
29550
29557
29559
29560
29567
29571
29577
29577
29579
29579
29581
29581
29582
29597
29599
29599
29602
29605
29607
29607
29607
29615
29618
29618
29627
29628
29631
29632
29637
29637
29640
29644
29647
29649
29651
29654
29656
29657
29663
29668
29675
29679
29681
29682
29682
29684
29687
29690
29692
29695
29699
29702
29703
29705
29711
29713
29713
29719
29720
29722
29732
29735
29742
29742
29747
29748
29750
29753
29754
29755
29768
29768
29768
29771
29773
29777
29782
29783
29789
29790
29795
29796
29796
29798
29799
29807
29813
29820
29834
29834
29837
29840
29842
29843
29849
29850
29852
29854
29859
29862
29866
29866
29870
29874
29875
29877
29882
29894
29903
29905
29910
29912
29913
29919
29932
29935
29937
29940
29943
29945
29947
29960
29961
29968
29982
29983
29984
29986
29989
29989
30006
30015
30021
30024
30025
30033
30038
30038
30040
30043
30046
30047
30053
30055
30056
30056
30056
30061
30063
30071
30075
30083
30083
30084
30091
30091
30092
30092
30109
30112
30112
30113
30124
30128
30131
30134
30135
30138
30138
30138
30139
30141
30142
30144
30160
30162
30163
30163
30168
30180
30183
30186
30188
30189
30199
30214
30217
30218
30224
30236
30237
30240
30247
30247
30247
30249
30255
30256
30259
30264
30269
30270
30270
30273
30273
30277
30282
30283
30285
30285
30287
30290
30291
30293
30297
30298
30300
30301
30302
30302
30305
30315
30322
30323
30323
30324
30325
30329
30333
30340
30348
30352
30353
30355
30356
30368
30370
30370
30372
30378
30385
30387
30391
30391
30392
30398
30402
30403
30403
30406
30406
30411
30411
30412
30414
30415
30415
30415
30421
30427
30428
30430
30431
30435
30439
30440
30443
30455
30457
30458
30460
30463
30464
30469
30473
30486
30489
30507
30509
30509
30510
30514
30516
30516
30521
30522
30527
30531
30538
30539
30541
30545
30546
30554
30557
30558
30558
30563
30568
30571
30578
30580
30582
30587
30594
30594
30595
30597
30599
30599
30603
30604
30607
30609
30611
30612
30612
30617
30618
30622
30633
30638
30639
30649
30650
30653
30656
30658
30661
30663
30668
30673
30674
30675
30678
30679
30679
30680
30683
30690
30696
30699
30707
30708
30709
30710
30713
30713
30720
30720
30721
30724
30727
30729
30735
30743
30745
30745
30747
30751
30755
30757
30758
30761
30775
30776
30780
30782
30787
30791
30792
30792
30793
30809
30812
30814
30817
30822
30823
30828
30829
30831
30831
30832
30833
30836
30841
30843
30844
30845
30845
30849
30851
30856
30859
30859
30863
30863
30863
30866
30870
30871
30873
30878
30879
30882
30883
30884
30885
30890
30891
30898
30918
30920
30924
30924
30926
30926
30933
30936
30938
30939
30943
30944
30945
30947
30949
30954
30956
30958
30960
30965
30966
30966
30970
30973
30975
30978
30978
30980
30983
30992
31003
31006
31006
31008
31009
31009
31014
31015
31018
31021
31022
31024
31025
31028
31040
31043
31064
31067
31069
31071
31077
31086
31094
31097
31099
31100
31100
31101
31104
31105
31108
31116
31121
31123
31124
31127
31128
31131
31132
31134
31136
31136
31144
31149
31151
31152
31156
31157
31162
31164
31165
31166
31167
31172
31172
31175
31178
31181
31183
31183
31187
31189
31191
31191
31193
31197
31204
31208
31217
31218
31218
31219
31221
31225
31226
31228
31228
31228
31231
31232
31234
31235
31246
31250
31251
31253
31255
31264
31269
31278
31280
31289
31289
31292
31295
31303
31309
31310
31311
31312
31314
31318
31323
31331
31334
31336
31337
31340
31341
31342
31344
31348
31350
31352
31352
31361
31370
31375
31376
31384
31384
31389
31391
31395
31398
31400
31407
31412
31419
31419
31428
31428
31431
31432
31439
31444
31444
31448
31454
31460
31462
31463
31465
31466
31468
31468
31470
31471
31472
31475
31479
31482
31484
31488
31492
31492
31495
31497
31500
31501
31502
31504
31505
31507
31510
31511
31513
31514
31515
31515
31517
31522
31532
31534
31536
31541
31548
31552
31556
31557
31561
31574
31580
31591
31596
31600
31601
31602
31613
31613
31620
31625
31636
31637
31639
31641
31648
31649
31650
31653
31656
31656
31659
31661
31661
31668
31671
31674
31679
31688
31696
31698
31700
31700
31701
31701
31705
31706
31708
31713
31715
31719
31721
31721
31728
31728
31728
31729
31731
31731
31743
31744
31745
31747
31747
31748
31748
31754
31755
31758
31761
31763
31763
31764
31768
31773
31782
31785
31786
31789
31790
31790
31796
31800
31801
31808
31809
31813
31819
31824
31826
31826
31826
31831
31836
31836
31849
31849
31854
31856
31860
31861
31861
31861
31861
31862
31866
31867
31870
31871
31873
31878
31878
31882
31886
31890
31891
31893
31894
31896
31896
31898
31900
31903
31906
31907
31909
31912
31923
31924
31933
31938
31942
31944
31945
31947
31951
31957
31959
31961
31962
31963
31970
31972
31976
31977
31978
31979
31981
31984
31986
31988
31990
31994
32000
32002
32005
32006
32012
32013
32019
32028
32029
32036
32038
32041
32047
32048
32052
32056
32057
32058
32061
32069
32069
32070
32076
32081
32089
32096
32097
32099
32101
32101
32102
32103
32108
32108
32113
32117
32117
32136
32137
32142
32144
32147
32155
32162
32168
32168
32171
32172
32174
32176
32178
32179
32186
32188
32202
32212
32214
32216
32217
32221
32224
32228
32238
32239
32240
32240
32241
32243
32245
32246
32247
32249
32255
32255
32256
32257
32261
32266
32270
32273
32280
32285
32288
32291
32294
32296
32306
32306
32310
32315
32318
32327
32343
32343
32348
32350
32358
32360
32362
32362
32363
32373
32375
32378
32379
32385
32396
32401
32402
32414
32414
32414
32421
32428
32430
32433
32434
32448
32448
32453
32455
32457
32465
32467
32468
32475
32480
32484
32490
32492
32495
32496
32496
32505
32510
32514
32516
32517
32524
32531
32531
32536
32539
32542
32546
32553
32553
32562
32562
32564
32565
32567
32568
32569
32571
32577
32581
32581
32583
32583
32591
32593
32595
32598
32600
32602
32603
32604
32607
32610
32611
32612
32618
32618
32629
32630
32633
32640
32644
32646
32648
32653
32653
32656
32658
32664
32668
32668
32669
32669
32676
32679
32683
32683
32688
32691
32692
32694
32706
32715
32717
32724
32732
32748
32752
32757
32759
32761
32761
32762
32764
