0	1000	2000
20	1020	2020
40	1040	2040
60	1060	2060
80	1080	2080
100	1100	2100
120	1120	2120
140	1140	2140
160	1160	2160
180	1180	2180
200	1200	2200
220	1220	2220
240	1240	2240
260	1260	2260
280	1280	2280
300	1300	2300
320	1320	2320
340	1340	2340
360	1360	2360
380	1380	2380
400	1400	2400
420	1420	2420
440	1440	2440
460	1460	2460
480	1480	2480
500	1500	2500
520	1520	2520
540	1540	2540
560	1560	2560
580	1580	2580
600	1600	2600
620	1620	2620
640	1640	2640
660	1660	2660
680	1680	2680
700	1700	2700
720	1720	2720
740	1740	2740
760	1760	2760
780	1780	2780
800	1800	2800
820	1820	2820
840	1840	2840
860	1860	2860
880	1880	2880
900	1900	2900
920	1920	2920
940	1940	2940
960	1960	2960
980	1980	2980
1000	2000	3000
