20187
13781
1971
21432
29562
4972
13522
30244
3862
16515
3348
22072
19596
8599
3045
2460
8716
2641
29055
8967
16106
6538
30454
25282
21769
6891
29515
4601
19994
18026
31843
4993
17612
27463
10667
18632
7303
2780
11662
7526
22485
1009
27134
18361
29550
30751
24461
21566
29687
12751
12281
12327
297
31441
26708
7447
9272
5603
13084
18440
9022
24375
13390
17601
6998
27936
7384
28982
14776
8887
31379
1746
5196
22698
13871
1775
1931
500
23123
14622
15996
31637
11500
29468
26842
32457
30055
2291
16017
21505
23150
8461
32180
31827
23849
30198
10955
6163
10910
10782
23182
31855
5297
13373
24216
29636
1308
11179
2302
32056
10263
10627
4257
6046
22814
6488
2127
8773
8612
24842
4186
14711
4163
19011
11840
9378
15526
27678
697
2379
27948
7940
30317
11674
8013
19868
6209
11200
31464
18871
18374
24809
14372
27838
22684
3734
21375
797
10192
2358
23061
20948
1698
8706
26740
29128
8650
4649
25985
17346
14999
14769
20125
25205
10878
28732
13585
16006
10754
7446
15286
570
29376
23669
15216
23022
21864
22643
10919
24738
29659
27823
10324
22088
25768
6535
6019
19995
3906
168
16535
6525
2402
12474
16776
7487
15780
13737
11477
2835
11071
26484
4261
3629
29760
17547
16188
15498
23486
13963
32464
18339
22193
16220
20914
10097
12984
28697
11880
989
17635
29022
6670
13821
14132
4150
4916
25659
6484
2188
24565
30633
5534
30234
20840
10066
21820
7663
21201
23230
6848
24630
18704
23699
2459
25867
31308
17859
10329
3205
15103
3291
20504
7550
4971
5185
24937
4733
8089
12191
17348
7359
1617
27724
4709
32668
12247
1123
12088
16620
5765
17500
16751
6716
7733
27826
27732
18628
32443
30551
7365
27880
19220
19741
18467
19759
25846
8898
6744
13113
15215
12480
13495
8763
4705
24882
30503
30770
17835
5159
14117
6423
507
9396
30438
9969
19302
19341
20194
30478
24945
7046
20609
25146
31681
28114
11458
10338
27176
6855
11968
2189
1868
18196
17875
18743
30741
1750
5080
30479
9705
1102
23562
24642
13464
13258
18577
21158
21722
28196
14130
1944
18108
11522
10731
13173
31839
5841
10298
6423
31379
27128
24207
16509
27553
27033
26719
2728
23689
998
13044
23663
20972
8728
3532
7928
719
9716
25341
29561
19110
8017
7903
28016
7417
15367
8473
16622
26638
4311
23500
26932
3143
16366
23381
330
18546
23519
22670
3622
6362
11710
22909
27601
9661
26592
20932
18226
26634
14364
1404
20738
31932
14375
25212
3130
29489
21546
20400
31787
17685
10767
5286
20690
25455
10711
5472
3730
24972
581
16830
29232
24923
20205
27397
28156
4853
28203
27598
22927
1396
22060
13226
8520
20150
16491
25690
4575
6620
4685
22590
6718
7835
5867
17566
7030
9820
4922
32121
20331
22485
4116
13381
23554
14685
13550
14321
19781
11535
2132
5872
16510
24197
3430
21502
29982
19687
4777
21720
21081
2262
19216
21629
32413
14801
5388
31703
1281
22255
3389
28890
19338
6155
10181
14939
22486
20204
14139
20273
28317
18552
27577
31053
30476
23760
4523
16603
10634
23451
17614
27219
11221
23016
19941
7346
13658
18646
11343
14381
12622
14559
27668
14959
9347
26971
2412
18594
22343
9806
4658
25665
12804
395
1000
19482
2873
27069
7860
992
16495
5106
14928
30427
26784
32680
3283
12856
6707
12702
16542
29664
13050
465
29688
18201
31044
8392
22948
28233
11621
2179
6383
8438
14006
4338
14139
8204
5561
24814
30532
25900
27358
20227
1606
3298
30739
18805
23770
9097
7885
19137
26170
8178
3584
16215
15830
28802
3744
27774
25597
15007
29795
19250
1034
31907
27778
31447
1757
22792
17068
1777
489
3047
12601
21055
30824
12851
24797
28401
16926
28127
30441
24279
7992
18692
30745
2537
17597
9481
5988
18586
13471
3321
21362
9372
9857
8797
16028
9880
7486
30577
29777
10069
5849
22076
7970
15682
21814
6965
30501
19200
12147
26873
25738
21845
26824
28973
1461
25772
11087
2181
9108
27011
22702
12889
11521
25029
1655
9056
6414
13691
24754
26357
32472
26594
30194
696
15003
22649
6549
13631
738
7190
9790
1470
9451
25163
28548
30282
8525
27325
16108
8905
32
31703
3551
30151
31658
12910
3702
6409
23023
2867
4545
19117
26489
31883
24197
18478
1000
10619
8954
28237
24575
4172
16151
11172
18671
4066
25086
17990
19326
1996
13995
26444
19524
21421
11686
18111
29659
21550
25206
26617
24429
5899
7308
27913
13414
24109
32167
11626
20625
4501
27642
16496
15897
14226
1472
11674
10154
22407
32202
5017
16420
14653
9476
30139
6717
21818
5492
6613
18056
20719
19948
300
15035
29614
26400
8673
32407
2212
1343
13950
19471
10840
5919
12000
12347
10102
22618
23136
12196
23666
4579
10700
24028
17437
2509
18663
24411
1061
14295
23119
6890
17587
25944
12590
29421
27410
15886
9968
4085
17449
8626
237
31186
27322
4670
31840
18219
32296
15955
23141
27479
26341
3677
8075
2163
25167
26576
11605
18772
687
1572
20311
9548
21652
26160
5326
8423
28125
28174
3297
16044
15028
17709
20482
22214
7295
4657
9873
13936
19396
26675
10513
26212
28366
14073
20870
1624
15774
10315
29934
29536
28943
22675
22426
5179
1156
13981
17578
20362
13812
18255
14565
6560
4918
804
1219
24217
13765
26270
21778
19993
30999
3148
32767
5518
21827
24306
12546
12151
29899
4917
7809
461
4574
11309
2312
15161
19729
18163
11067
20350
10377
4463
20481
11069
23655
9517
27041
29292
27677
9899
17665
8435
1543
26630
10512
4148
395
30329
22047
13772
10741
27237
25808
20811
19005
2974
22834
1786
20439
28013
25569
9311
3540
12831
22040
26030
21620
13732
30585
25251
3365
19737
24468
3456
433
21083
9556
822
1857
30698
24616
10212
4466
8145
10675
772
13949
8439
3319
2035
2364
28223
18347
624
21673
24838
31871
13579
3666
30407
12394
12153
32310
19106
29071
14045
13757
20762
10542
12205
23854
5993
15342
17139
10686
16263
3863
29570
9711
8970
3286
27662
21241
31960
7607
744
9763
7009
13787
4994
29223
11239
3673
13500
25962
22314
11402
16666
16720
6106
8786
21495
22571
7383
9027
11931
28361
30546
29550
23768
3410
9202
10536
21955
10980
13052
