26142
31231
214
3038
12644
15871
23139
10514
3352
23712
12132
29297
24875
27519
2836
3387
9282
8524
17394
19211
19163
2750
26331
25695
10499
5947
13301
21214
10279
18151
1149
22573
5512
14717
18207
31678
12386
10418
23678
30803
20944
27342
2813
10213
22640
22971
5954
1085
24776
29147
5509
24269
28066
10647
1776
7537
30547
3288
15449
14058
20535
26482
3175
31652
2948
11737
6681
32079
21432
3410
6424
4479
18714
20607
21149
28447
30125
16166
3841
4868
6231
13990
14881
10942
15773
26885
15608
30225
30048
9256
28863
18032
10274
2553
6134
15793
325
9657
21706
16178
2960
30974
2875
2269
7481
13176
10648
1143
26494
22400
13253
5098
15026
12987
12415
8096
2528
31629
3138
2194
23484
27233
14279
13049
13928
8764
19963
19663
21939
10768
17402
4398
11477
8269
24744
27545
12615
32155
28584
15006
10362
14520
26014
7164
30902
17901
9662
13123
16877
20799
17318
27421
26752
31964
30761
29154
2730
17838
18973
31282
11362
7387
4186
22135
16001
18882
32420
7664
8109
18058
24920
10062
17655
23263
14159
21241
30615
1749
11849
24927
25697
17757
10135
29119
2449
25509
5786
13586
19850
31067
32617
5680
21808
28696
28642
31706
22164
25528
120
28351
3097
3489
6080
32481
17439
5718
7098
2686
10075
5092
5768
26778
12932
6840
27605
3385
21064
20559
7148
30693
32585
25672
30788
1077
23929
24411
6385
18198
11103
5340
12545
1354
5622
5439
2221
16823
31386
25126
28377
2752
1021
3828
29768
32112
27225
13152
8090
31088
20587
16107
25134
24065
23378
12629
5331
20688
11323
2975
10895
18142
29099
13717
4435
4891
2352
25686
4151
18068
22889
13658
30762
23509
8412
27919
16373
11539
1061
18676
16465
23094
24235
32405
13962
15301
17194
17914
26003
23712
22399
32189
17480
4256
21063
1480
15218
22240
23523
18508
15431
4870
19321
16019
23490
30091
11725
16254
12802
25002
4119
247
11836
10029
7523
29416
13436
5460
6820
17400
1378
8255
17355
4234
5656
20661
29658
9866
21120
30232
23861
7837
150
13272
31953
20739
16513
7640
32135
22749
21924
22427
9337
17233
9835
5649
27652
6155
8009
6530
31245
12823
11804
26720
11443
29594
17096
5379
9304
24543
1002
21179
14779
20490
7573
20294
14040
15788
2780
18761
6411
27574
15284
27040
11489
3171
29943
21987
31375
7979
27338
16238
10886
27103
1994
7537
10259
7477
11932
13470
14136
4876
7406
10098
30333
26271
10795
2869
27529
4310
29916
21511
28542
29660
7080
28143
16267
31908
19322
24314
14358
23857
28016
12619
27674
15340
22408
17337
30724
2105
8898
9922
22267
14309
29183
17334
1559
7031
19944
4278
17130
21923
26344
13609
22373
20282
12811
5058
23447
21057
1079
30718
25923
17622
1473
700
17126
25548
17354
8051
28564
11328
29219
6804
11206
1831
22620
15332
17156
28033
1995
31292
21574
31102
4124
20981
20344
29216
15229
17506
17323
19634
28442
13355
8346
9266
1372
7338
31261
22835
26625
19159
8283
28842
30217
5934
27880
14283
12074
13288
4237
15947
2891
18019
18859
10788
19920
20098
32206
7527
6935
24280
22302
8110
31446
9703
13635
32537
7382
17680
15442
991
22424
6558
11015
11720
19494
1396
22706
15868
3887
1222
15676
29631
18053
29640
30541
10205
15720
19992
23554
18156
25476
18188
14195
11685
22206
30412
30730
500
5669
11692
7064
23487
2598
8718
4439
2488
25604
6255
22900
4075
20745
25112
16288
17958
2767
20528
12560
24220
30323
21245
1202
30076
28301
15958
16856
10786
28099
20928
25852
12990
31332
23436
32629
641
11173
215
27965
27256
14317
23954
16916
27722
6889
2961
1971
14978
20388
19273
768
9919
25919
18979
25975
16392
3820
1610
15089
39
7349
21793
14799
4202
24869
5284
25482
10469
11216
790
17561
16530
30165
5297
14653
3689
12287
23071
27842
22170
23950
27792
438
8109
28177
19134
23431
18997
1353
15296
26003
17750
22710
21948
27367
11703
9163
11532
7126
12972
32028
29771
2592
28386
28089
20079
8086
1226
12792
27820
14495
1608
1103
15681
18795
20256
6205
29424
3343
445
30448
12856
15140
24403
2445
22858
12561
1609
28643
21756
8228
24989
13079
27203
32379
29531
5693
12746
27283
8908
9448
7329
11829
29634
8216
10933
11166
20194
4276
30077
8025
27007
26387
20832
15808
11784
12427
18862
5354
17723
25082
10173
16185
1594
758
1898
26036
23506
2490
26156
12109
15596
22984
31103
8441
26734
23764
11445
17552
8986
14113
30440
15216
3050
24418
20269
22333
5776
28630
4595
8851
5513
9451
1166
15190
20518
3102
15512
29352
6476
5711
29641
19838
22648
199
13396
15701
19120
14720
12990
13653
13063
26637
32549
11967
18517
31412
7593
7780
1999
25509
10005
6921
10267
24339
539
1702
18005
6564
9829
21814
9358
5845
12570
18888
17643
22107
19429
20527
23582
23898
28210
16158
31891
27385
20361
26070
7114
5756
1043
22563
13779
25728
18674
23852
17741
7749
27657
32288
9674
18550
32261
16632
3356
28392
28292
23728
18438
19603
4808
15762
26114
14887
8370
9880
30804
5252
3913
13955
9965
22431
25895
11480
20678
19118
975
21328
25906
30852
28986
26333
32023
7508
10751
27872
7623
18102
8375
1009
32158
21256
23634
26602
23665
16598
19795
23156
4914
28816
19064
11962
2888
18483
23046
1874
18286
12635
5071
10386
26013
25825
14547
31600
10717
15501
7441
27903
7111
25540
5383
22173
13185
32078
12295
25566
11812
1327
29249
22306
11036
803
5955
24184
15372
4317
15604
27471
20976
14105
4841
22676
6702
29373
1762
13013
5948
6914
29904
17971
4097
677
30512
13035
10885
10891
12236
20223
29831
7084
32222
9748
9269
23243
28699
22621
30870
115
23435
9714
23710
24203
7908
16464
5624
28158
4324
11288
7591
4886
22258
26659
10987
21781
9398
26625
14636
14822
810
5519
9767
9392
24806
29830
10948
29012
1443
21663
21137
28239
15723
26716
7301
7132
10200
12516
31402
24807
1816
25612
9727
16390
3282
23280
31945
8977
20056
18341
18978
8257
26789
28052
27159
20893
17987
191
8504
7260
2144
12040
23690
1436
26265
25717
3183
5481
21370
16386
5412
5773
11777
5134
23184
28558
7248
1984
29323
14739
12835
20131
27714
11883
11515
