6609
13031
2038
27827
3099
26725
1157
28045
2253
566
26042
16790
5449
4160
2987
20953
19517
32537
7010
30844
19633
14621
23089
30418
5522
22370
9647
22040
32716
27850
1633
30878
409
12081
1818
24571
11887
14975
17779
15613
9557
11521
22336
1156
5770
27132
29314
29587
28931
19343
28791
19029
20740
3453
12649
7447
4007
22944
26937
15582
18479
16769
19093
14566
8466
19903
30399
8727
23998
16574
12788
10103
15130
21264
29491
25659
2355
18726
497
19169
22344
3856
10215
30900
11546
17944
1001
4724
10775
6875
30978
19973
29893
28312
23930
16996
20512
14113
3766
30597
1020
23952
22967
12149
111
12395
29561
16646
18387
4615
19765
30523
30411
9862
21427
26619
17594
13523
25848
388
11966
3526
5908
27323
24945
7133
31364
13316
17430
13124
4552
5555
19882
4328
11690
10060
3287
19354
6432
19286
14651
7561
24553
4627
26935
23803
5291
7770
31719
18443
4650
20901
1101
1712
24001
27441
13545
26158
10585
15126
19222
12368
7359
5755
2514
2621
28121
1322
23651
12672
10176
30938
28484
30596
15359
1012
20828
12987
24622
10297
4419
8286
9290
10003
32551
3694
8696
27701
24263
31698
23879
6486
12776
17305
18697
18356
18082
28705
21955
17529
2759
27132
18682
24276
24677
10872
31040
6217
9970
13461
26048
21754
9065
8378
16112
7194
6715
23948
24335
9857
32628
17326
6935
23921
17291
13108
27835
13828
28615
4276
26695
17189
29531
4172
16431
27809
30645
16756
480
14204
29998
23014
17678
18250
32657
11042
30796
8876
7594
18369
32545
6915
1703
3438
22945
3961
32207
27589
4907
7671
31559
18446
22901
16461
21141
32512
12489
4589
12295
25799
6272
13007
23688
1038
26497
28906
20561
18909
31928
16454
21775
27780
4435
4391
23089
3575
7129
6162
31033
23818
27245
25190
17703
13319
5150
26237
21343
12230
3827
20796
24112
23325
4933
25781
154
20684
12217
17838
22917
24339
1487
11375
732
27193
30816
5172
6866
30842
24327
4459
11325
31359
22014
14402
12036
1013
3282
31237
15103
31178
2196
26028
21750
32748
10186
24388
13589
10602
17024
968
32687
2707
4350
15128
19332
1574
27830
31363
31707
17154
5445
6964
7805
24732
26571
6577
31145
7097
15210
23412
21996
10964
5619
24788
16605
8575
14583
32297
31897
16048
17440
28574
17104
13314
16400
1161
29934
21910
6964
16414
11363
23788
20545
13562
14991
23098
17176
31861
1325
31219
1464
5978
26636
3233
16103
25791
29824
13508
22908
3560
22266
28095
28119
29159
4613
12516
29706
956
32539
6126
20967
24315
1348
1866
15304
2769
29371
5854
7742
21666
10787
15677
6197
24156
13259
1473
27599
9187
24638
10529
28425
32464
23910
2381
16692
29329
20016
27742
27065
11167
12648
28573
22981
15905
15794
14459
15524
27109
5280
13945
162
25021
32200
30557
8594
16644
19352
4579
32347
23876
15170
5645
21334
26175
32428
4806
22812
6145
11554
26876
13204
23359
17241
18534
19081
9847
3153
23477
4765
24242
14767
22753
25908
26754
658
30966
10162
13424
21344
5125
7694
26700
10263
8587
20162
19286
22144
16445
839
32138
7050
9041
23300
10041
21312
13758
10014
30980
5868
5904
25379
20241
1837
23721
31507
15011
22669
16468
30938
21926
12483
29000
29110
8015
12812
25347
2116
27737
7236
24638
10132
12403
2271
6485
28893
25544
3835
13341
31952
28051
2067
27816
12078
7152
25567
1173
5674
18503
22390
24778
18834
18598
20208
19575
29895
3390
7807
32045
19291
8038
15149
11226
5160
7322
2626
6923
14903
17339
1727
5691
21333
13030
24813
2775
21836
4497
5295
14886
27333
557
31863
13095
28093
16704
1100
14203
9916
20835
28335
31404
21564
24179
3643
25206
30366
14200
28280
10224
10176
30664
12678
31039
20656
1163
25795
5003
23720
27056
28929
22041
17918
27337
2306
515
17878
1895
16999
15710
11181
10582
30037
16419
28325
27982
25948
21545
9325
8114
6968
19836
17781
14452
1998
6434
12882
17424
15004
32207
20094
27078
29916
14888
29742
13032
18888
4750
28687
1525
29764
29895
32576
25785
30382
23103
648
26916
5778
3154
4324
11635
2319
23839
25370
3765
12062
8816
3667
7250
4963
31036
9033
20761
1297
18571
29874
9971
24316
8629
13590
3347
5301
5184
14089
27294
20661
18159
13426
26643
31719
16738
17929
20253
15364
22377
28601
1238
21032
5128
18021
18228
32347
9465
11620
23239
3282
19914
22051
23255
9429
17121
31418
27474
13009
25233
30122
18230
23870
13652
17535
19368
9178
6649
22674
3172
18481
22902
29231
14346
19779
13297
24637
7502
10714
19042
9246
26901
4395
20560
31804
3642
21159
28370
23415
32374
21191
15654
14110
28346
20056
12202
7281
27480
873
2368
1334
20470
30209
1519
12617
3255
27347
6942
7847
14404
14005
27011
27560
3724
25664
31892
8529
663
11859
4986
21864
22671
21982
3799
29425
30170
5951
26278
25645
7954
2137
13498
24104
19017
8944
866
26562
17562
11504
681
25146
30317
6831
9337
24754
1324
18523
4421
6074
28817
30271
22870
26093
1097
5386
25971
14903
14830
2850
10853
7148
26313
15091
26219
21430
29531
4139
8846
28323
27920
23556
10846
8868
32250
23413
3104
10426
31230
15745
13464
8762
27559
20972
32268
32230
9688
13574
24019
31619
3136
32574
4000
6118
9822
2196
27620
8203
26124
20017
5350
23374
12338
29874
3330
18712
28296
21941
3097
7000
30732
7475
14828
24837
25162
4023
31636
23697
3990
31479
6710
4074
4411
32541
7815
21708
19868
29390
2119
5454
28115
4034
13299
25222
27847
18177
16037
6362
22351
10928
21717
4832
28081
15545
15872
19293
4114
12642
16959
2594
717
6582
8920
22631
10375
918
8809
29196
7837
1570
28223
16955
20884
31749
27169
16835
8095
20073
448
3914
1762
6103
20734
29963
21872
2284
27258
10138
18469
13027
5332
3338
21641
19463
9690
19186
4988
27362
27520
26469
22219
22799
15657
27850
7961
20881
18803
18373
2853
18605
6182
14546
5944
775
6731
31148
24627
3345
11204
5908
16569
28038
21761
30229
11307
22852
20696
20509
18155
6385
11664
4935
19863
11581
23935
24523
19998
20689
2584
25786
9318
22776
19001
7782
2449
24138
3510
23074
3959
10066
21579
23588
4378
1194
30820
4882
12973
