111
154
162
388
409
448
480
497
515
557
566
648
658
663
681
717
732
775
839
866
873
918
956
968
1001
1012
1013
1020
1038
1097
1100
1101
1156
1157
1161
1163
1173
1194
1238
1297
1322
1324
1325
1334
1348
1464
1473
1487
1519
1525
1570
1574
1633
1703
1712
1727
1762
1818
1837
1866
1895
1998
2038
2067
2116
2119
2137
2196
2196
2253
2271
2284
2306
2319
2355
2368
2381
2449
2514
2584
2594
2621
2626
2707
2759
2769
2775
2850
2853
2987
3097
3099
3104
3136
3153
3154
3172
3233
3255
3282
3282
3287
3330
3338
3345
3347
3390
3438
3453
3510
3526
3560
3575
3642
3643
3667
3694
3724
3765
3766
3799
3827
3835
3856
3914
3959
3961
3990
4000
4007
4023
4034
4074
4114
4139
4160
4172
4276
4324
4328
4350
4378
4391
4395
4411
4419
4421
4435
4459
4497
4552
4579
4589
4613
4615
4627
4650
4724
4750
4765
4806
4832
4882
4907
4933
4935
4963
4986
4988
5003
5125
5128
5150
5160
5172
5184
5280
5291
5295
5301
5332
5350
5386
5445
5449
5454
5522
5555
5619
5645
5674
5691
5755
5770
5778
5854
5868
5904
5908
5908
5944
5951
5978
6074
6103
6118
6126
6145
6162
6182
6197
6217
6272
6362
6385
6432
6434
6485
6486
6577
6582
6609
6649
6710
6715
6731
6831
6866
6875
6915
6923
6935
6942
6964
6964
6968
7000
7010
7050
7097
7129
7133
7148
7152
7194
7236
7250
7281
7322
7359
7447
7475
7502
7561
7594
7671
7694
7742
7770
7782
7805
7807
7815
7837
7847
7954
7961
8015
8038
8095
8114
8203
8286
8378
8466
8529
8575
8587
8594
8629
8696
8727
8762
8809
8816
8846
8868
8876
8920
8944
9033
9041
9065
9178
9187
9246
9290
9318
9325
9337
9429
9465
9557
9647
9688
9690
9822
9847
9857
9862
9916
9970
9971
10003
10014
10041
10060
10066
10103
10132
10138
10162
10176
10176
10186
10215
10224
10263
10297
10375
10426
10529
10582
10585
10602
10714
10775
10787
10846
10853
10872
10928
10964
11042
11167
11181
11204
11226
11307
11325
11363
11375
11504
11521
11546
11554
11581
11620
11635
11664
11690
11859
11887
11966
12036
12062
12078
12081
12149
12202
12217
12230
12295
12338
12368
12395
12403
12483
12489
12516
12617
12642
12648
12649
12672
12678
12776
12788
12812
12882
12973
12987
13007
13009
13027
13030
13031
13032
13095
13108
13124
13204
13259
13297
13299
13314
13316
13319
13341
13424
13426
13461
13464
13498
13508
13523
13545
13562
13574
13589
13590
13652
13758
13828
13945
14005
14089
14110
14113
14200
14203
14204
14346
14402
14404
14452
14459
14546
14566
14583
14621
14651
14767
14828
14830
14886
14888
14903
14903
14975
14991
15004
15011
15091
15103
15126
15128
15130
15149
15170
15210
15304
15359
15364
15524
15545
15582
15613
15654
15657
15677
15710
15745
15794
15872
15905
16037
16048
16103
16112
16400
16414
16419
16431
16445
16454
16461
16468
16569
16574
16605
16644
16646
16692
16704
16738
16756
16769
16790
16835
16955
16959
16996
16999
17024
17104
17121
17154
17176
17189
17241
17291
17305
17326
17339
17424
17430
17440
17529
17535
17562
17594
17678
17703
17779
17781
17838
17878
17918
17929
17944
18021
18082
18155
18159
18177
18228
18230
18250
18356
18369
18373
18387
18443
18446
18469
18479
18481
18503
18523
18534
18571
18598
18605
18682
18697
18712
18726
18803
18834
18888
18909
19001
19017
19029
19042
19081
19093
19169
19186
19222
19286
19286
19291
19293
19332
19343
19352
19354
19368
19463
19517
19575
19633
19765
19779
19836
19863
19868
19882
19903
19914
19973
19998
20016
20017
20056
20073
20094
20162
20208
20241
20253
20470
20509
20512
20545
20560
20561
20656
20661
20684
20689
20696
20734
20740
20761
20796
20828
20835
20881
20884
20901
20953
20967
20972
21032
21141
21159
21191
21264
21312
21333
21334
21343
21344
21427
21430
21545
21564
21579
21641
21666
21708
21717
21750
21754
21761
21775
21836
21864
21872
21910
21926
21941
21955
21982
21996
22014
22040
22041
22051
22144
22219
22266
22336
22344
22351
22370
22377
22390
22631
22669
22671
22674
22753
22776
22799
22812
22852
22870
22901
22902
22908
22917
22944
22945
22967
22981
23014
23074
23089
23089
23098
23103
23239
23255
23300
23325
23359
23374
23412
23413
23415
23477
23556
23588
23651
23688
23697
23720
23721
23788
23803
23818
23839
23870
23876
23879
23910
23921
23930
23935
23948
23952
23998
24001
24019
24104
24112
24138
24156
24179
24242
24263
24276
24315
24316
24327
24335
24339
24388
24523
24553
24571
24622
24627
24637
24638
24638
24677
24732
24754
24778
24788
24813
24837
24945
25021
25146
25162
25190
25206
25222
25233
25347
25370
25379
25544
25567
25645
25659
25664
25781
25785
25786
25791
25795
25799
25848
25908
25948
25971
26028
26042
26048
26093
26124
26158
26175
26219
26237
26278
26313
26469
26497
26562
26571
26619
26636
26643
26695
26700
26725
26754
26876
26901
26916
26935
26937
27011
27056
27065
27078
27109
27132
27132
27169
27193
27245
27258
27294
27323
27333
27337
27347
27362
27441
27474
27480
27520
27559
27560
27589
27599
27620
27701
27737
27742
27780
27809
27816
27827
27830
27835
27847
27850
27850
27920
27982
28038
28045
28051
28081
28093
28095
28115
28119
28121
28223
28280
28296
28312
28323
28325
28335
28346
28370
28425
28484
28573
28574
28601
28615
28687
28705
28791
28817
28893
28906
28929
28931
29000
29110
29159
29196
29231
29314
29329
29371
29390
29425
29491
29531
29531
29561
29587
29706
29742
29764
29824
29874
29874
29893
29895
29895
29916
29934
29963
29998
30037
30122
30170
30209
30229
30271
30317
30366
30382
30399
30411
30418
30523
30557
30596
30597
30645
30664
30732
30796
30816
30820
30842
30844
30878
30900
30938
30938
30966
30978
30980
31033
31036
31039
31040
31145
31148
31178
31219
31230
31237
31359
31363
31364
31404
31418
31479
31507
31559
31619
31636
31698
31707
31719
31719
31749
31804
31861
31863
31892
31897
31928
31952
32045
32138
32200
32207
32207
32230
32250
32268
32297
32347
32347
32374
32428
32464
32512
32537
32539
32541
32545
32551
32574
32576
32628
32657
32687
32716
32748
