32
168
237
297
300
330
395
395
433
461
465
489
500
507
570
581
624
687
696
697
719
738
744
772
797
804
822
989
992
998
1000
1000
1009
1034
1061
1102
1123
1156
1219
1281
1308
1343
1396
1404
1461
1470
1472
1543
1572
1606
1617
1624
1655
1698
1746
1750
1757
1775
1777
1786
1857
1868
1931
1944
1971
1996
2035
2127
2132
2163
2179
2181
2188
2189
2212
2262
2291
2302
2312
2358
2364
2379
2402
2412
2459
2460
2509
2537
2641
2728
2780
2835
2867
2873
2974
3045
3047
3130
3143
3148
3205
3283
3286
3291
3297
3298
3319
3321
3348
3365
3389
3410
3430
3456
3532
3540
3551
3584
3622
3629
3666
3673
3677
3702
3730
3734
3744
3862
3863
3906
4066
4085
4116
4148
4150
4163
4172
4186
4257
4261
4311
4338
4463
4466
4501
4523
4545
4574
4575
4579
4601
4649
4657
4658
4670
4685
4705
4709
4733
4777
4853
4916
4917
4918
4922
4971
4972
4993
4994
5017
5080
5106
5159
5179
5185
5196
5286
5297
5326
5388
5472
5492
5518
5534
5561
5603
5765
5841
5849
5867
5872
5899
5919
5988
5993
6019
6046
6106
6155
6163
6209
6362
6383
6409
6414
6423
6423
6484
6488
6525
6535
6538
6549
6560
6613
6620
6670
6707
6716
6717
6718
6744
6848
6855
6890
6891
6965
6998
7009
7030
7046
7190
7295
7303
7308
7346
7359
7365
7383
7384
7417
7446
7447
7486
7487
7526
7550
7607
7663
7733
7809
7835
7860
7885
7903
7928
7940
7970
7992
8013
8017
8075
8089
8145
8178
8204
8392
8423
8435
8438
8439
8461
8473
8520
8525
8599
8612
8626
8650
8673
8706
8716
8728
8763
8773
8786
8797
8887
8898
8905
8954
8967
8970
9022
9027
9056
9097
9108
9202
9272
9311
9347
9372
9378
9396
9451
9476
9481
9517
9548
9556
9661
9705
9711
9716
9763
9790
9806
9820
9857
9873
9880
9899
9968
9969
10066
10069
10097
10102
10154
10181
10192
10212
10263
10298
10315
10324
10329
10338
10377
10512
10513
10536
10542
10619
10627
10634
10667
10675
10686
10700
10711
10731
10741
10754
10767
10782
10840
10878
10910
10919
10955
10980
11067
11069
11071
11087
11172
11179
11200
11221
11239
11309
11343
11402
11458
11477
11500
11521
11522
11535
11605
11621
11626
11662
11674
11674
11686
11710
11840
11880
11931
11968
12000
12088
12147
12151
12153
12191
12196
12205
12247
12281
12327
12347
12394
12474
12480
12546
12590
12601
12622
12702
12751
12804
12831
12851
12856
12889
12910
12984
13044
13050
13052
13084
13113
13173
13226
13258
13373
13381
13390
13414
13464
13471
13495
13500
13522
13550
13579
13585
13631
13658
13691
13732
13737
13757
13765
13772
13781
13787
13812
13821
13871
13936
13949
13950
13963
13981
13995
14006
14045
14073
14117
14130
14132
14139
14139
14226
14295
14321
14364
14372
14375
14381
14559
14565
14622
14653
14685
14711
14769
14776
14801
14928
14939
14959
14999
15003
15007
15028
15035
15103
15161
15215
15216
15286
15342
15367
15498
15526
15682
15774
15780
15830
15886
15897
15955
15996
16006
16017
16028
16044
16106
16108
16151
16188
16215
16220
16263
16366
16420
16491
16495
16496
16509
16510
16515
16535
16542
16603
16620
16622
16666
16720
16751
16776
16830
16926
17068
17139
17346
17348
17437
17449
17500
17547
17566
17578
17587
17597
17601
17612
17614
17635
17665
17685
17709
17835
17859
17875
17990
18026
18056
18108
18111
18163
18196
18201
18219
18226
18255
18339
18347
18361
18374
18440
18467
18478
18546
18552
18577
18586
18594
18628
18632
18646
18663
18671
18692
18704
18743
18772
18805
18871
19005
19011
19106
19110
19117
19137
19200
19216
19220
19250
19302
19326
19338
19341
19396
19471
19482
19524
19596
19687
19729
19737
19741
19759
19781
19868
19941
19948
19993
19994
19995
20125
20150
20187
20194
20204
20205
20227
20273
20311
20331
20350
20362
20400
20439
20481
20482
20504
20609
20625
20690
20719
20738
20762
20811
20840
20870
20914
20932
20948
20972
21055
21081
21083
21158
21201
21241
21362
21375
21421
21432
21495
21502
21505
21546
21550
21566
21620
21629
21652
21673
21720
21722
21769
21778
21814
21818
21820
21827
21845
21864
21955
22040
22047
22060
22072
22076
22088
22193
22214
22255
22314
22343
22407
22426
22485
22485
22486
22571
22590
22618
22643
22649
22670
22675
22684
22698
22702
22792
22814
22834
22909
22927
22948
23016
23022
23023
23061
23119
23123
23136
23141
23150
23182
23230
23381
23451
23486
23500
23519
23554
23562
23655
23663
23666
23669
23689
23699
23760
23768
23770
23849
23854
24028
24109
24197
24197
24207
24216
24217
24279
24306
24375
24411
24429
24461
24468
24565
24575
24616
24630
24642
24738
24754
24797
24809
24814
24838
24842
24882
24923
24937
24945
24972
25029
25086
25146
25163
25167
25205
25206
25212
25251
25282
25341
25455
25569
25597
25659
25665
25690
25738
25768
25772
25808
25846
25867
25900
25944
25962
25985
26030
26160
26170
26212
26270
26341
26357
26400
26444
26484
26489
26576
26592
26594
26617
26630
26634
26638
26675
26708
26719
26740
26784
26824
26842
26873
26932
26971
27011
27033
27041
27069
27128
27134
27176
27219
27237
27322
27325
27358
27397
27410
27463
27479
27553
27577
27598
27601
27642
27662
27668
27677
27678
27724
27732
27774
27778
27823
27826
27838
27880
27913
27936
27948
28013
28016
28114
28125
28127
28156
28174
28196
28203
28223
28233
28237
28317
28361
28366
28401
28548
28697
28732
28802
28890
28943
28973
28982
29022
29055
29071
29128
29223
29232
29292
29376
29421
29468
29489
29515
29536
29550
29550
29561
29562
29570
29614
29636
29659
29659
29664
29687
29688
29760
29777
29795
29899
29934
29982
30055
30139
30151
30194
30198
30234
30244
30282
30317
30329
30407
30427
30438
30441
30454
30476
30478
30479
30501
30503
30532
30546
30551
30577
30585
30633
30698
30739
30741
30745
30751
30770
30824
30999
31044
31053
31186
31308
31379
31379
31441
31447
31464
31637
31658
31681
31703
31703
31787
31827
31839
31840
31843
31855
31871
31883
31907
31932
31960
32056
32121
32167
32180
32202
32296
32310
32407
32413
32443
32457
32464
32472
32668
32680
32767
