39
115
120
150
191
199
214
215
247
325
438
445
500
539
641
677
700
758
768
790
803
810
975
991
1002
1009
1021
1043
1061
1077
1079
1085
1103
1143
1149
1166
1202
1222
1226
1327
1353
1354
1372
1378
1396
1436
1443
1473
1480
1559
1594
1608
1609
1610
1702
1749
1762
1776
1816
1831
1874
1898
1971
1984
1994
1995
1999
2105
2144
2194
2221
2269
2352
2445
2449
2488
2490
2528
2553
2592
2598
2686
2730
2750
2752
2767
2780
2813
2836
2869
2875
2888
2891
2948
2960
2961
2975
3038
3050
3097
3102
3138
3171
3175
3183
3282
3288
3343
3352
3356
3385
3387
3410
3489
3689
3820
3828
3841
3887
3913
4075
4097
4119
4124
4151
4186
4202
4234
4237
4256
4276
4278
4310
4317
4324
4398
4435
4439
4479
4595
4808
4841
4868
4870
4876
4886
4891
4914
5058
5071
5092
5098
5134
5252
5284
5297
5331
5340
5354
5379
5383
5412
5439
5460
5481
5509
5512
5513
5519
5622
5624
5649
5656
5669
5680
5693
5711
5718
5756
5768
5773
5776
5786
5845
5934
5947
5948
5954
5955
6080
6134
6155
6205
6231
6255
6385
6411
6424
6476
6530
6558
6564
6681
6702
6804
6820
6840
6889
6914
6921
6935
7031
7064
7080
7084
7098
7111
7114
7126
7132
7148
7164
7248
7260
7301
7329
7338
7349
7382
7387
7406
7441
7477
7481
7508
7523
7527
7537
7537
7573
7591
7593
7623
7640
7664
7749
7780
7837
7908
7979
8009
8025
8051
8086
8090
8096
8109
8109
8110
8216
8228
8255
8257
8269
8283
8346
8370
8375
8412
8441
8504
8524
8718
8764
8851
8898
8908
8977
8986
9163
9256
9266
9269
9282
9304
9337
9358
9392
9398
9448
9451
9657
9662
9674
9703
9714
9727
9748
9767
9829
9835
9866
9880
9919
9922
9965
10005
10029
10062
10075
10098
10135
10173
10200
10205
10213
10259
10267
10274
10279
10362
10386
10418
10469
10499
10514
10647
10648
10717
10751
10768
10786
10788
10795
10885
10886
10891
10895
10933
10942
10948
10987
11015
11036
11103
11166
11173
11206
11216
11288
11323
11328
11362
11443
11445
11477
11480
11489
11515
11532
11539
11685
11692
11703
11720
11725
11737
11777
11784
11804
11812
11829
11836
11849
11883
11932
11962
11967
12040
12074
12109
12132
12236
12287
12295
12386
12415
12427
12516
12545
12560
12561
12570
12615
12619
12629
12635
12644
12746
12792
12802
12811
12823
12835
12856
12932
12972
12987
12990
12990
13013
13035
13049
13063
13079
13123
13152
13176
13185
13253
13272
13288
13301
13355
13396
13436
13470
13586
13609
13635
13653
13658
13717
13779
13928
13955
13962
13990
14040
14058
14105
14113
14136
14159
14195
14279
14283
14309
14317
14358
14495
14520
14547
14636
14653
14717
14720
14739
14779
14799
14822
14881
14887
14978
15006
15026
15089
15140
15190
15216
15218
15229
15284
15296
15301
15332
15340
15372
15431
15442
15449
15501
15512
15596
15604
15608
15676
15681
15701
15720
15723
15762
15773
15788
15793
15808
15868
15871
15947
15958
16001
16019
16107
16158
16166
16178
16185
16238
16254
16267
16288
16373
16386
16390
16392
16464
16465
16513
16530
16598
16632
16823
16856
16877
16916
17096
17126
17130
17156
17194
17233
17318
17323
17334
17337
17354
17355
17394
17400
17402
17439
17480
17506
17552
17561
17622
17643
17655
17680
17723
17741
17750
17757
17838
17901
17914
17958
17971
17987
18005
18019
18032
18053
18058
18068
18102
18142
18151
18156
18188
18198
18207
18286
18341
18438
18483
18508
18517
18550
18674
18676
18714
18761
18795
18859
18862
18882
18888
18973
18978
18979
18997
19064
19118
19120
19134
19159
19163
19211
19273
19321
19322
19429
19494
19603
19634
19663
19795
19838
19850
19920
19944
19963
19992
20056
20079
20098
20131
20194
20223
20256
20269
20282
20294
20344
20361
20388
20490
20518
20527
20528
20535
20559
20587
20607
20661
20678
20688
20739
20745
20799
20832
20893
20928
20944
20976
20981
21057
21063
21064
21120
21137
21149
21179
21214
21241
21245
21256
21328
21370
21432
21511
21574
21663
21706
21756
21781
21793
21808
21814
21923
21924
21939
21948
21987
22107
22135
22164
22170
22173
22206
22240
22258
22267
22302
22306
22333
22373
22399
22400
22408
22424
22427
22431
22563
22573
22620
22621
22640
22648
22676
22706
22710
22749
22835
22858
22889
22900
22971
22984
23046
23071
23094
23139
23156
23184
23243
23263
23280
23378
23431
23435
23436
23447
23484
23487
23490
23506
23509
23523
23554
23582
23634
23665
23678
23690
23710
23712
23712
23728
23764
23852
23857
23861
23898
23929
23950
23954
24065
24184
24203
24220
24235
24269
24280
24314
24339
24403
24411
24418
24543
24744
24776
24806
24807
24869
24875
24920
24927
24989
25002
25082
25112
25126
25134
25476
25482
25509
25509
25528
25540
25548
25566
25604
25612
25672
25686
25695
25697
25717
25728
25825
25852
25895
25906
25919
25923
25975
26003
26003
26013
26014
26036
26070
26114
26142
26156
26265
26271
26331
26333
26344
26387
26482
26494
26602
26625
26625
26637
26659
26716
26720
26734
26752
26778
26789
26885
27007
27040
27103
27159
27203
27225
27233
27256
27283
27338
27342
27367
27385
27421
27471
27519
27529
27545
27574
27605
27652
27657
27674
27714
27722
27792
27820
27842
27872
27880
27903
27919
27965
28016
28033
28052
28066
28089
28099
28143
28158
28177
28210
28239
28292
28301
28351
28377
28386
28392
28442
28447
28542
28558
28564
28584
28630
28642
28643
28696
28699
28816
28842
28863
28986
29012
29099
29119
29147
29154
29183
29216
29219
29249
29297
29323
29352
29373
29416
29424
29531
29594
29631
29634
29640
29641
29658
29660
29768
29771
29830
29831
29904
29916
29943
30048
30076
30077
30091
30125
30165
30217
30225
30232
30323
30333
30412
30440
30448
30512
30541
30547
30615
30693
30718
30724
30730
30761
30762
30788
30803
30804
30852
30870
30902
30974
31067
31088
31102
31103
31231
31245
31261
31282
31292
31332
31375
31386
31402
31412
31446
31600
31629
31652
31678
31706
31891
31908
31945
31953
31964
32023
32028
32078
32079
32112
32135
32155
32158
32189
32206
32222
32261
32288
32379
32405
32420
32481
32537
32549
32585
32617
32629
