418
555
1662
1841
1870
2242
2291
2511
3555
4659
5439
5684
6364
6489
6895
7757
8493
8576
8954
9190
9298
9862
10219
10508
10745
10942
11143
11291
11336
11349
11847
12469
12572
12618
12963
13087
13137
13159
13422
13636
14547
15115
15468
15532
16259
16896
16994
17537
19162
19206
19360
19533
19685
19846
19924
20034
20899
20937
20972
21199
21350
21553
21840
22437
22608
22844
22911
23634
23692
23761
24114
24161
24497
25046
25467
25858
26388
26569
26685
27167
27597
28875
29046
29055
29106
29337
29544
29629
30364
30368
30383
30525
30538
30571
30863
31190
31419
32005
32648
32667
